    0.59170E-01
    0.21390E-01
    0.48280E-01
    0.53500E-01
    0.26100E-01
    0.52350E-01
   -0.79841E-01
   -0.55800E-01
    0.25941E+00
    0.19700E-01
   -0.90280E-01
   -0.52480E-01
   -0.19683E+00
   -0.10300E-01
   -0.97100E-02
    0.91970E-01
   -0.15667E+00
   -0.48100E-02
    0.53050E-01
    0.16760E-01
   -0.62020E-01
    0.68320E-01
    0.23870E-01
    0.84890E-01
    0.99600E-02
   -0.78920E-01
    0.32270E-01
   -0.17000E-02
   -0.43010E-01
    0.46900E-01
   -0.11020E-01
   -0.71780E-01
    0.15340E-01
    0.11470E-01
   -0.23850E-01
   -0.15997E+00
    0.15643E+00
    0.57500E-01
   -0.10300E-01
    0.67370E-01
   -0.21400E-02
   -0.47700E-03
   -0.15405E+00
