    0.99270E-02
   -0.26696E-01
   -0.34080E-02
    0.32440E-02
   -0.18988E-01
   -0.93400E-03
    0.44610E-01
   -0.54700E-01
    0.11580E-01
    0.12060E-01
   -0.55140E-01
    0.31100E-01
   -0.44500E-01
    0.69740E-01
    0.29460E-01
    0.24500E-01
    0.16160E-01
    0.71000E-03
    0.27870E-01
   -0.21100E-02
   -0.63640E-01
    0.38330E-01
   -0.34700E-02
    0.54950E-01
    0.22950E-01
   -0.61600E-01
    0.44070E-01
   -0.31080E-01
   -0.70980E-01
    0.17850E-01
   -0.19420E-01
   -0.38120E-01
   -0.78300E-02
   -0.27400E-02
   -0.21660E-01
    0.25070E-01
    0.32330E-01
   -0.57140E-01
    0.32220E-01
    0.77690E-01
    0.42540E-01
   -0.29237E-01
   -0.55490E-01
