    0.10162E-01
   -0.26604E-01
   -0.31710E-02
    0.87150E-02
   -0.13069E-01
    0.42950E-02
    0.18394E-01
   -0.61700E-01
    0.17437E+00
    0.15010E-01
   -0.42630E-01
    0.34860E-01
   -0.38390E-01
    0.73300E-01
    0.48380E-01
    0.12580E-01
   -0.10864E+00
    0.54400E-02
    0.24250E-01
   -0.36400E-02
   -0.61640E-01
    0.31890E-01
   -0.96600E-02
    0.48530E-01
    0.35860E-01
   -0.48310E-01
    0.56850E-01
   -0.38550E-01
   -0.78540E-01
    0.10510E-01
   -0.20970E-01
   -0.30590E-01
   -0.97200E-02
   -0.24200E-02
   -0.19240E-01
    0.19960E-01
    0.47600E-02
   -0.82430E-01
    0.30790E-01
    0.81290E-01
    0.53060E-01
   -0.44719E-01
   -0.58670E-01
