    0.62300E-01
    0.26920E-01
    0.48900E-01
    0.45550E-01
    0.17210E-01
    0.44629E-01
   -0.10279E+00
   -0.47946E+00
    0.15783E+00
    0.38020E-01
   -0.33000E-01
   -0.42440E-01
   -0.18283E+00
   -0.13000E-03
    0.60050E-01
    0.73440E-01
   -0.28785E+00
    0.16810E-01
    0.12139E+00
    0.69460E-01
   -0.43550E-01
    0.87120E-01
    0.42980E-01
    0.10350E+00
    0.93800E-02
   -0.79740E-01
    0.32070E-01
    0.16400E-01
   -0.19790E-01
    0.63390E-01
    0.12090E-01
    0.27600E-02
    0.88260E-01
    0.67310E-01
    0.77800E-02
   -0.90670E-01
    0.24212E+00
    0.11979E+00
   -0.23330E+00
   -0.51210E-01
    0.70090E-01
   -0.13077E-01
   -0.87740E-01
