    0.17735E-01
   -0.18890E-01
    0.51710E-02
   -0.54780E-02
   -0.29990E-01
   -0.83320E-02
    0.12967E+00
   -0.47000E-01
    0.24170E+00
    0.21900E-02
   -0.11235E+00
    0.26750E-01
   -0.53510E-01
    0.66010E-01
   -0.52740E-01
    0.74410E-01
   -0.16184E+00
   -0.19520E-01
    0.19380E-01
   -0.10340E-01
   -0.73500E-01
    0.56420E-01
    0.11830E-01
    0.73040E-01
   -0.15950E-01
   -0.10309E+00
    0.58700E-02
   -0.89200E-02
   -0.51230E-01
    0.40100E-01
   -0.19240E-01
   -0.81580E-01
   -0.23450E-01
   -0.18420E-01
   -0.38310E-01
    0.44480E-01
    0.99500E-01
    0.11420E-01
   -0.43400E-02
    0.66790E-01
   -0.12000E-01
    0.29396E-01
   -0.51880E-01
