    0.19996E+00
    0.15056E+00
    0.20456E+00
    0.21296E+00
    0.17746E+00
    0.21776E+00
    0.26828E+00
   -0.68305E+00
    0.32550E-01
    0.27945E+00
    0.30905E+00
    0.24490E-01
    0.35110E-01
   -0.14589E+00
    0.80210E-01
    0.24760E-01
    0.18900E-01
   -0.48538E+00
   -0.79580E-01
   -0.15625E+00
   -0.80150E-01
   -0.71300E-02
    0.94620E-01
    0.21020E-01
    0.11212E+00
    0.11973E+00
    0.13330E-01
    0.14523E+00
    0.77260E-01
   -0.81400E-02
    0.13406E+00
    0.37660E-01
   -0.21115E+00
   -0.10065E+00
   -0.59420E-01
   -0.33385E+00
   -0.12684E+00
   -0.87940E-01
   -0.43198E+00
   -0.16258E+00
   -0.78200E-02
    0.25966E+00
   -0.82920E-01
