   -0.18133E-01
   -0.58559E-01
   -0.24150E-01
    0.13000E-01
    0.27755E-01
   -0.59100E-01
    0.18108E+00
    0.41330E-01
   -0.29430E-01
    0.55650E-01
   -0.17640E-01
    0.13120E-01
   -0.13314E+00
    0.54230E-01
   -0.30300E-01
    0.12479E+00
   -0.16970E+00
   -0.38360E-01
   -0.24210E-01
   -0.27640E-01
   -0.15200E-01
    0.41940E-01
   -0.12900E-02
    0.58790E-01
    0.47610E-01
   -0.36340E-01
    0.68060E-01
   -0.40290E-01
   -0.86840E-01
    0.10580E-01
   -0.24860E-01
    0.46050E-01
   -0.22960E-01
    0.75300E-02
   -0.75960E-01
   -0.74650E-01
    0.64150E-01
    0.21000E-02
    0.33630E-01
    0.89670E-01
    0.66410E-01
    0.18303E-01
   -0.56970E-01
