    0.69590E-01
    0.73240E-01
    0.15622E-01
    0.80810E-01
   -0.57040E-02
   -0.48864E+00
    0.84210E-01
    0.97950E-01
    0.60300E-01
    0.77570E-01
   -0.55460E-01
   -0.48170E-01
   -0.17768E+00
   -0.54130E-01
    0.34260E-01
   -0.59180E-01
   -0.15244E+00
    0.63910E-01
    0.13516E+00
    0.11775E+00
   -0.12354E+00
    0.12805E+00
    0.94020E-01
    0.10896E+00
    0.39990E-01
   -0.11810E-01
    0.11250E-01
    0.55580E-01
    0.10660E-01
    0.73650E-01
   -0.46020E-01
   -0.81300E-01
    0.80260E-01
    0.94680E-01
   -0.69700E-01
   -0.13452E+00
    0.15516E+00
    0.12352E+00
   -0.99040E-01
    0.14870E-01
    0.26240E-01
   -0.21610E+00
   -0.10384E+00
