    0.10752E-01
    0.32520E-01
   -0.30433E-01
   -0.16586E-01
    0.35940E-02
    0.44200E-01
   -0.37120E-01
    0.49590E-01
    0.36000E-03
    0.56390E-01
   -0.12270E-01
    0.26600E-02
   -0.91990E-01
    0.43560E-01
   -0.99400E-02
    0.74930E-01
   -0.24450E-01
   -0.19000E-02
   -0.60500E-02
   -0.14900E-01
   -0.16660E-01
    0.41270E-01
   -0.26600E-02
    0.57920E-01
    0.37680E-01
   -0.23070E-01
    0.57240E-01
   -0.39120E-01
   -0.81000E-01
    0.10130E-01
   -0.18160E-01
    0.44660E-01
   -0.31200E-02
    0.19610E-01
   -0.51240E-01
   -0.68880E-01
    0.93830E-01
    0.18550E-01
   -0.10638E+00
   -0.68130E-01
    0.80940E-01
   -0.34900E-02
   -0.52860E-01
