    0.13849E-01
   -0.24959E-01
    0.35060E-02
   -0.27381E-01
   -0.53260E-02
   -0.62400E-01
    0.25969E+00
    0.77120E-01
    0.10370E-01
    0.90090E-01
   -0.82430E-01
   -0.53190E-01
   -0.19896E+00
   -0.11080E-01
   -0.19750E-01
    0.99040E-01
   -0.15223E+00
    0.59900E-02
    0.49140E-01
    0.19990E-01
   -0.54310E-01
    0.75200E-01
    0.29770E-01
    0.91840E-01
   -0.47600E-02
   -0.92560E-01
    0.17140E-01
    0.92300E-02
   -0.34610E-01
    0.58410E-01
    0.98000E-03
   -0.74160E-01
    0.10720E-01
    0.14260E-01
   -0.12360E-01
   -0.17033E+00
    0.13594E+00
    0.45680E-01
   -0.58200E-02
    0.77160E-01
    0.72800E-02
    0.41175E-01
   -0.15700E+00
