    0.75000E-02
    0.36070E-01
   -0.37219E-01
   -0.18875E-01
    0.10140E-02
    0.69000E-02
   -0.33720E-01
    0.42600E-01
   -0.47200E-02
    0.48710E-01
   -0.11180E-01
    0.27200E-02
   -0.86080E-01
    0.43460E-01
   -0.16500E-01
    0.74680E-01
   -0.96200E-02
   -0.21650E-01
   -0.18960E-01
   -0.25890E-01
   -0.18930E-01
    0.33170E-01
   -0.10300E-01
    0.49820E-01
    0.37540E-01
   -0.20000E-01
    0.56790E-01
   -0.49030E-01
   -0.90630E-01
    0.26000E-03
   -0.26960E-01
    0.23450E-01
   -0.13270E-01
    0.11360E-01
   -0.13470E-01
   -0.67890E-01
    0.83100E-01
    0.96500E-02
   -0.19390E-01
    0.29630E-01
    0.80710E-01
   -0.11635E-01
   -0.53160E-01
