    0.19867E-01
    0.28230E-01
   -0.20176E-01
    0.26500E-02
    0.38980E-01
   -0.34655E-01
    0.50750E-01
    0.22500E-01
    0.31920E-01
   -0.24750E-01
    0.20280E-01
   -0.31020E-01
   -0.87580E-01
   -0.12240E-01
    0.50070E-01
   -0.20810E-01
    0.19830E-01
   -0.31140E-01
    0.10860E-01
   -0.52360E-01
    0.69290E-01
    0.10386E+00
    0.78290E-01
    0.34500E-02
   -0.12100E-01
    0.14700E-02
   -0.23770E-01
    0.90600E-02
    0.14610E-01
   -0.86800E-02
   -0.14740E-01
   -0.85450E-01
    0.12220E-01
   -0.25910E-01
   -0.97680E-01
    0.11176E+00
    0.37200E-01
   -0.19780E-01
   -0.44810E-01
    0.56080E-01
   -0.68676E-01
   -0.76850E-01
