    0.19934E-01
    0.27460E-01
   -0.20141E-01
    0.12600E-03
    0.34150E-01
   -0.35950E-01
    0.46250E-01
    0.64000E-02
    0.29270E-01
   -0.26750E-01
    0.17850E-01
    0.79300E-02
   -0.19570E-01
    0.26210E-01
    0.22160E-01
   -0.37360E-01
    0.82400E-02
   -0.39090E-01
   -0.10400E-02
   -0.60960E-01
    0.61270E-01
    0.93090E-01
    0.70550E-01
   -0.22400E-02
   -0.20270E-01
   -0.33100E-02
   -0.30890E-01
   -0.60000E-04
    0.77300E-02
   -0.17520E-01
   -0.16760E-01
   -0.94690E-01
   -0.97000E-03
   -0.37290E-01
    0.94200E-02
    0.10085E+00
    0.25240E-01
   -0.42320E-01
   -0.59750E-01
    0.48430E-01
   -0.70963E-01
   -0.24670E-01
