   -0.66193E-01
   -0.10265E+00
   -0.90390E-01
    0.17463E-01
    0.46680E-01
   -0.15453E-01
    0.66940E-01
    0.74000E-02
    0.47300E-01
   -0.14430E-01
    0.42190E-01
   -0.13510E-01
   -0.86040E-01
    0.82200E-02
    0.29480E-01
   -0.48890E-01
    0.25780E-01
   -0.31720E-01
    0.17530E-01
   -0.38650E-01
    0.94590E-01
    0.11458E+00
    0.10463E+00
    0.22380E-01
   -0.35900E-02
    0.23360E-01
    0.56200E-02
    0.19780E-01
    0.47410E-01
    0.37000E-02
   -0.31350E-01
   -0.86270E-01
    0.15510E-01
   -0.20100E-01
   -0.10460E+00
    0.11458E+00
    0.57410E-01
   -0.49030E-01
   -0.40470E-01
    0.39590E-01
   -0.41801E-01
   -0.87000E-01
