    0.12552E+00
    0.98530E-01
    0.10326E+00
    0.36670E-02
   -0.26882E-01
    0.26330E-02
    0.52850E-01
   -0.31773E+00
    0.11152E+00
    0.61630E-01
    0.11176E+00
   -0.61350E-01
   -0.18436E+00
   -0.19540E-01
    0.87990E-01
   -0.19938E+00
   -0.26470E-01
    0.19117E+00
   -0.24260E-01
   -0.62010E-01
    0.61100E-01
    0.27060E-01
    0.76590E-01
   -0.47648E-01
   -0.13351E+00
   -0.24991E-01
    0.10750E-01
   -0.31300E-02
    0.51810E-01
    0.11590E-01
   -0.90780E-01
    0.15686E+00
   -0.28930E-01
   -0.19330E-01
   -0.14298E+00
    0.37794E+00
    0.77910E-01
   -0.16338E+00
   -0.10590E+00
   -0.54930E-01
    0.97260E-01
   -0.16189E+00
