    0.87030E-01
    0.70060E-01
    0.46760E-01
    0.33476E-01
    0.11612E+00
   -0.19213E-01
   -0.50833E-01
   -0.21028E+00
    0.55870E-01
    0.20330E-01
    0.35860E-01
   -0.67170E-01
   -0.94970E-01
   -0.51200E-01
    0.14703E+00
   -0.39440E-01
   -0.22080E-01
   -0.21060E-01
   -0.43640E-01
   -0.94490E-01
    0.44410E-01
    0.90130E-01
    0.47530E-01
   -0.58687E-01
   -0.45910E-01
   -0.68219E-01
   -0.19090E-01
    0.39720E-01
    0.87100E-02
   -0.16780E-01
   -0.17160E-01
   -0.58650E-01
   -0.42870E-01
   -0.45490E-01
   -0.89120E-01
    0.23662E+00
    0.46230E-01
    0.11178E+00
   -0.40350E-01
    0.39090E-01
    0.17836E-01
   -0.77870E-01
