    0.20581E+00
    0.15641E+00
    0.21041E+00
    0.21881E+00
    0.18331E+00
    0.22361E+00
    0.25659E+00
   -0.60489E+00
    0.11071E+00
    0.27531E+00
   -0.10100E-01
    0.36240E-01
   -0.14476E+00
    0.81340E-01
    0.11875E+00
    0.14041E+00
   -0.47836E+00
   -0.72560E-01
   -0.15569E+00
   -0.79590E-01
   -0.63300E-02
    0.97600E-01
    0.24000E-01
    0.11510E+00
    0.12439E+00
    0.17990E-01
    0.14989E+00
    0.76410E-01
   -0.89900E-02
    0.13321E+00
    0.36810E-01
   -0.27020E-01
   -0.21059E+00
   -0.10009E+00
   -0.58570E-01
   -0.33798E+00
   -0.12769E+00
   -0.88790E-01
   -0.42496E+00
   -0.15556E+00
   -0.45830E-01
    0.25881E+00
   -0.11348E+00
