        Rank     LS_RMSE    LS_MaxAE  Feature_ID
           1    0.061764    0.142699  (       7      13      26)
           2    0.062850    0.177661  (       1      13      26)
           3    0.062974    0.177919  (       3      13      26)
           4    0.064297    0.182271  (       3      13      23)
           5    0.064454    0.182289  (       1      13      23)
           6    0.065318    0.141227  (       7      13      23)
           7    0.065448    0.145889  (       4      13      26)
           8    0.066306    0.148234  (       6      13      26)
           9    0.066688    0.179815  (       2      13      26)
          10    0.066801    0.178263  (       8      13      26)
          11    0.067320    0.241221  (       2      13      21)
          12    0.067415    0.251431  (      10      13      21)
          13    0.067715    0.182718  (       8      13      23)
          14    0.067869    0.184675  (       2      13      23)
          15    0.068098    0.157926  (       5      13      26)
          16    0.068140    0.241755  (       1      13      21)
          17    0.068386    0.144964  (       4      13      23)
          18    0.068410    0.243071  (       3      13      21)
          19    0.068427    0.241858  (       8      13      21)
          20    0.068855    0.201884  (       1      13      22)
          21    0.068866    0.206560  (       1      18      25)
          22    0.068910    0.182088  (       8      15      20)
          23    0.068967    0.211013  (       1      18      28)
          24    0.068975    0.206404  (       1      18      24)
          25    0.069317    0.181450  (       2      15      20)
          26    0.069386    0.173775  (       9      13      26)
          27    0.069460    0.207030  (       3      13      22)
          28    0.069673    0.205453  (       1      13      27)
          29    0.069688    0.208714  (       1      18      29)
          30    0.069755    0.178039  (       9      13      23)
          31    0.069766    0.202505  (       1      13      30)
          32    0.069785    0.146963  (       6      13      23)
          33    0.069840    0.202694  (       1      13      24)
          34    0.069931    0.202766  (       1      13      25)
          35    0.069998    0.202016  (       1      15      28)
          36    0.070110    0.203504  (       1      17      25)
          37    0.070141    0.212050  (       3      18      25)
          38    0.070146    0.202578  (       2      13      22)
          39    0.070207    0.207736  (       3      13      30)
          40    0.070209    0.203374  (       1      17      24)
          41    0.070212    0.175833  (       2      14      15)
          42    0.070248    0.211894  (       3      18      24)
          43    0.070273    0.205537  (       1      13      28)
          44    0.070291    0.210284  (       1      18      27)
          45    0.070297    0.161976  (       5      13      23)
          46    0.070337    0.210679  (       3      13      27)
          47    0.070343    0.288783  (       7      15      26)
          48    0.070354    0.204060  (       1      13      29)
          49    0.070414    0.207824  (       3      13      24)
          50    0.070439    0.216660  (       3      18      28)
          51    0.070506    0.207894  (       3      13      25)
          52    0.070571    0.175746  (       8      14      15)
          53    0.070625    0.198730  (       1      15      25)
          54    0.070723    0.207216  (       1      17      28)
          55    0.070808    0.198620  (       1      15      24)
          56    0.070893    0.209251  (       3      13      29)
          57    0.070916    0.210749  (       3      13      28)
          58    0.070986    0.214337  (       3      18      29)
          59    0.071180    0.203361  (       2      13      24)
          60    0.071190    0.199654  (       2      15      25)
          61    0.071216    0.180091  (       2      12      15)
          62    0.071275    0.205158  (       1      17      29)
          63    0.071280    0.203429  (       2      13      25)
          64    0.071298    0.204854  (       1      18      22)
          65    0.071360    0.199548  (       2      15      24)
          66    0.071397    0.207172  (       3      15      28)
          67    0.071417    0.179894  (       3      12      15)
          68    0.071469    0.201434  (       1      15      27)
          69    0.071494    0.208717  (       3      17      25)
          70    0.071541    0.203108  (       2      13      30)
          71    0.071580    0.199904  (       1      15      29)
          72    0.071591    0.208588  (       3      17      24)
          73    0.071599    0.207159  (       8      13      22)
          74    0.071732    0.179084  (       1      12      15)
          75    0.071790    0.206809  (       2      18      25)
          76    0.071805    0.215936  (       3      18      27)
          77    0.071868    0.206661  (       2      18      24)
          78    0.071869    0.203787  (       3      15      25)
          79    0.071899    0.180063  (       8      12      15)
          80    0.071981    0.293526  (       7      15      23)
          81    0.072036    0.206565  (       1      17      27)
          82    0.072052    0.203679  (       3      15      24)
          83    0.072078    0.186833  (      10      13      26)
          84    0.072131    0.194760  (      10      15      25)
          85    0.072208    0.174779  (       3      14      15)
          86    0.072215    0.196604  (      10      17      25)
          87    0.072290    0.212545  (       3      17      28)
          88    0.072308    0.196468  (      10      17      24)
          89    0.072316    0.194518  (      10      15      24)
          90    0.072339    0.204551  (       2      13      29)
          91    0.072468    0.199013  (      10      18      25)
          92    0.072560    0.198855  (      10      18      24)
          93    0.072599    0.207923  (       8      13      24)
          94    0.072602    0.187031  (       1      11      15)
          95    0.072683    0.210372  (       3      18      22)
          96    0.072691    0.210465  (       3      17      29)
          97    0.072696    0.207990  (       8      13      25)
          98    0.072704    0.201854  (       1      17      22)
          99    0.072767    0.174149  (       1      14      15)
         100    0.072786    0.197197  (       1      15      22)
