        Rank     LS_RMSE    LS_MaxAE  Feature_ID
           1    0.082599    0.259031  (       1      13)
           2    0.082745    0.234267  (       9      14)
           3    0.083245    0.243903  (       9      20)
           4    0.083282    0.260569  (       3      13)
           5    0.083464    0.258838  (       2      13)
           6    0.083850    0.238244  (       9      12)
           7    0.083942    0.336483  (       8      20)
           8    0.083963    0.324167  (       8      14)
           9    0.084000    0.326113  (       2      14)
          10    0.084668    0.320501  (       3      12)
          11    0.084749    0.326967  (       2      12)
          12    0.084835    0.259663  (       8      13)
          13    0.084892    0.340312  (       2      20)
          14    0.085117    0.326044  (       8      12)
          15    0.085308    0.322803  (       1      12)
          16    0.085724    0.317428  (       1      11)
          17    0.085764    0.316728  (       3      11)
          18    0.086281    0.325783  (       3      14)
          19    0.087253    0.329088  (       1      14)
          20    0.087394    0.244255  (       9      11)
          21    0.087650    0.270241  (      10      13)
          22    0.087680    0.328232  (       2      11)
          23    0.088158    0.247221  (       1      16)
          24    0.088232    0.325878  (       1      15)
          25    0.088387    0.320669  (       2      15)
          26    0.088877    0.329369  (       8      11)
          27    0.088994    0.248501  (       3      16)
          28    0.089517    0.330689  (       3      15)
          29    0.089735    0.245773  (       2      16)
          30    0.090143    0.343476  (       1      17)
          31    0.090265    0.325770  (       8      15)
          32    0.090277    0.301447  (       2      19)
          33    0.090409    0.348500  (       3      20)
          34    0.090421    0.326883  (      10      15)
          35    0.091283    0.246213  (       8      16)
          36    0.091494    0.300985  (       1      19)
          37    0.091549    0.348604  (       3      17)
          38    0.091635    0.302394  (       8      19)
          39    0.091674    0.346913  (       1      18)
          40    0.091768    0.352744  (       1      20)
          41    0.092205    0.337643  (       2      17)
          42    0.092208    0.307800  (      10      19)
          43    0.092466    0.302210  (       3      19)
          44    0.092763    0.218491  (       7      15)
          45    0.092842    0.344789  (      10      17)
          46    0.093014    0.205998  (       7      13)
          47    0.093031    0.352257  (       3      18)
          48    0.093194    0.267288  (       9      13)
          49    0.093336    0.340856  (       2      18)
          50    0.093711    0.347921  (      10      11)
          51    0.094066    0.343125  (       8      17)
          52    0.094096    0.256633  (      10      16)
          53    0.094493    0.356935  (      10      12)
          54    0.095149    0.346557  (       8      18)
          55    0.095423    0.347829  (      10      18)
          56    0.095761    0.258994  (       4      13)
          57    0.096091    0.259578  (       9      16)
          58    0.096235    0.260382  (       6      13)
          59    0.096811    0.242065  (       4      15)
          60    0.096837    0.365410  (      10      14)
          61    0.097110    0.243473  (       6      15)
          62    0.097125    0.280105  (       5      15)
          63    0.098203    0.232072  (       7      17)
          64    0.098626    0.255326  (       5      13)
          65    0.098754    0.302838  (       9      15)
          66    0.099308    0.231140  (       7      18)
          67    0.101178    0.317316  (       9      17)
          68    0.101620    0.391269  (      10      20)
          69    0.101982    0.292566  (       9      19)
          70    0.102171    0.319035  (       9      18)
          71    0.102344    0.290689  (       7      16)
          72    0.103221    0.359968  (       5      11)
          73    0.103423    0.242049  (       4      17)
          74    0.103532    0.243586  (       6      17)
          75    0.103694    0.292467  (       5      17)
          76    0.103917    0.368801  (       5      14)
          77    0.103997    0.268406  (       4      16)
          78    0.104207    0.244216  (       4      18)
          79    0.104360    0.269104  (       6      16)
          80    0.104431    0.369731  (       5      12)
          81    0.104463    0.245778  (       6      18)
          82    0.104466    0.293125  (       5      18)
          83    0.104586    0.279740  (       5      16)
          84    0.106614    0.387376  (       5      20)
          85    0.107671    0.403475  (       7      11)
          86    0.108454    0.369795  (       4      11)
          87    0.108812    0.354671  (       5      19)
          88    0.108818    0.452070  (       2       6)
          89    0.109176    0.372564  (       6      11)
          90    0.109263    0.452212  (       2       4)
          91    0.109770    0.454151  (       6       8)
          92    0.109827    0.417699  (       7      12)
          93    0.110071    0.383947  (       7      19)
          94    0.110280    0.454345  (       4       8)
          95    0.110619    0.383563  (       4      12)
          96    0.110896    0.423568  (       7      14)
          97    0.111101    0.386504  (       4      14)
          98    0.111542    0.416166  (       6       9)
          99    0.111610    0.459331  (       4      10)
         100    0.111748    0.477044  (       2       7)
