        Rank     LS_RMSE    LS_MaxAE  Feature_ID
           1    0.049288    0.136760  (      10      13      21      22)
           2    0.050132    0.109905  (      10      18      21      25)
           3    0.050352    0.109683  (      10      18      21      24)
           4    0.050649    0.143249  (      10      13      21      24)
           5    0.050744    0.142266  (      10      13      21      25)
           6    0.050911    0.104350  (      10      17      21      25)
           7    0.050982    0.151490  (       1      13      22      26)
           8    0.051030    0.154919  (       3      13      22      26)
           9    0.051085    0.125601  (       2      13      21      22)
          10    0.051114    0.104172  (      10      17      21      24)
          11    0.051202    0.155037  (       3      13      26      29)
          12    0.051235    0.151565  (       1      13      26      29)
          13    0.051241    0.153604  (       1      13      26      27)
          14    0.051306    0.151153  (       1      13      24      26)
          15    0.051319    0.154572  (       3      13      24      26)
          16    0.051324    0.151109  (       1      13      25      26)
          17    0.051326    0.157046  (       3      13      26      27)
          18    0.051337    0.154525  (       3      13      25      26)
          19    0.051458    0.153110  (       1      13      26      28)
          20    0.051523    0.156545  (       3      13      26      28)
          21    0.051581    0.153933  (      10      13      21      27)
          22    0.051632    0.149962  (       3      13      22      23)
          23    0.051666    0.099769  (      10      15      21      25)
          24    0.051706    0.177586  (      10      13      21      30)
          25    0.051781    0.151907  (       3      13      23      27)
          26    0.051827    0.149887  (       3      13      23      29)
          27    0.051831    0.129229  (       1      13      21      22)
          28    0.051834    0.125500  (       1      13      21      27)
          29    0.051876    0.149432  (       3      13      23      24)
          30    0.051886    0.149361  (       3      13      23      25)
          31    0.051927    0.146774  (       1      13      22      23)
          32    0.051930    0.131089  (       3      13      21      22)
          33    0.051941    0.155711  (      10      13      21      29)
          34    0.051956    0.151298  (       3      13      23      28)
          35    0.051982    0.127313  (       3      13      21      27)
          36    0.051991    0.100345  (      10      15      21      24)
          37    0.052026    0.124899  (       2      13      21      24)
          38    0.052047    0.148701  (       1      13      23      27)
          39    0.052072    0.107330  (      10      15      21      28)
          40    0.052116    0.124799  (       2      13      21      25)
          41    0.052211    0.146243  (       1      13      23      24)
          42    0.052213    0.151755  (      10      13      21      28)
          43    0.052218    0.146642  (       1      13      23      29)
          44    0.052223    0.146175  (       1      13      23      25)
          45    0.052226    0.113977  (      10      18      21      28)
          46    0.052248    0.148092  (       1      13      23      28)
          47    0.052326    0.121202  (       8      13      21      22)
          48    0.052469    0.123509  (       1      13      21      28)
          49    0.052506    0.127516  (       2      13      21      30)
          50    0.052517    0.155866  (       3      13      26      30)
          51    0.052536    0.125829  (       3      13      21      30)
          52    0.052595    0.125322  (       3      13      21      28)
          53    0.052596    0.152289  (       1      13      26      30)
          54    0.052612    0.118129  (      10      18      21      29)
          55    0.052645    0.123791  (       1      13      21      30)
          56    0.052651    0.122588  (       1      13      21      29)
          57    0.052653    0.124495  (       3      13      21      29)
          58    0.052683    0.126630  (       1      13      21      24)
          59    0.052746    0.128498  (       3      13      21      24)
          60    0.052760    0.126393  (       1      13      21      25)
          61    0.052796    0.126446  (       2      13      21      29)
          62    0.052825    0.128258  (       3      13      21      25)
          63    0.053069    0.147325  (       7      13      26      38)
          64    0.053106    0.156350  (       7      13      26      32)
          65    0.053165    0.121092  (       7      13      26      31)
          66    0.053220    0.120521  (       8      13      21      24)
          67    0.053308    0.120422  (       8      13      21      25)
          68    0.053332    0.119307  (      10      17      21      28)
          69    0.053484    0.151449  (       3      13      23      30)
          70    0.053589    0.133425  (      10      17      21      29)
          71    0.053623    0.123095  (       8      13      21      30)
          72    0.053696    0.138326  (       2      13      21      27)
          73    0.053732    0.152548  (       7      13      26      39)
          74    0.053754    0.126139  (       4      13      26      38)
          75    0.053857    0.127491  (       6      13      26      38)
          76    0.053884    0.127989  (      10      15      21      29)
          77    0.053892    0.148119  (       1      13      23      30)
          78    0.053896    0.142838  (      10      18      21      22)
          79    0.053940    0.113430  (       7      13      26      33)
          80    0.053985    0.122059  (       8      13      21      29)
          81    0.053993    0.113460  (       7      13      26      34)
          82    0.054000    0.146606  (       7      13      26      35)
          83    0.054065    0.148288  (       7      13      26      37)
          84    0.054126    0.136732  (       2      13      21      28)
          85    0.054151    0.122255  (       7      13      26      36)
          86    0.054188    0.147603  (       1      18      21      28)
          87    0.054199    0.115185  (       7      13      23      31)
          88    0.054212    0.125451  (       4      13      23      38)
          89    0.054300    0.150904  (       7      13      23      32)
          90    0.054390    0.137147  (      10      18      21      27)
          91    0.054414    0.140512  (      10      15      21      27)
          92    0.054740    0.149985  (       1      18      21      25)
          93    0.054740    0.150362  (       7      13      23      38)
          94    0.054858    0.126537  (       6      13      23      38)
          95    0.054868    0.155885  (      10      17      21      22)
          96    0.054932    0.148941  (      10      15      21      22)
          97    0.054940    0.150418  (       1      18      21      24)
          98    0.054979    0.133964  (       8      13      21      27)
          99    0.055006    0.154614  (       7      13      26      40)
         100    0.055046    0.145632  (       7      13      23      39)
