        Rank     LS_RMSE    LS_MaxAE  Feature_ID
           1    0.041901    0.098066  (      10      13      21      22      41)
           2    0.042043    0.086600  (      10      13      21      22      45)
           3    0.042080    0.093395  (      10      13      21      22      42)
           4    0.042283    0.092952  (      10      13      21      22      49)
           5    0.042376    0.089400  (      10      13      21      22      44)
           6    0.042417    0.088880  (      10      13      21      22      46)
           7    0.042428    0.087080  (      10      13      21      22      43)
           8    0.042442    0.092928  (      10      13      21      22      50)
           9    0.042603    0.088794  (      10      13      21      30      45)
          10    0.042632    0.088002  (      10      13      21      22      47)
          11    0.042812    0.098669  (      10      13      21      24      41)
          12    0.042837    0.087475  (      10      13      21      30      44)
          13    0.042872    0.089194  (      10      13      21      22      48)
          14    0.042955    0.098752  (      10      13      21      25      41)
          15    0.042958    0.086955  (      10      13      21      30      46)
          16    0.043025    0.089537  (      10      13      21      30      43)
          17    0.043094    0.087415  (       3      13      22      26      33)
          18    0.043111    0.090471  (       8      15      20      21      25)
          19    0.043134    0.095805  (      10      13      21      24      49)
          20    0.043158    0.087712  (       3      13      22      26      34)
          21    0.043171    0.097468  (      10      13      21      30      41)
          22    0.043180    0.093909  (      10      13      21      24      42)
          23    0.043210    0.090313  (       8      15      20      21      24)
          24    0.043246    0.095910  (      10      13      21      25      49)
          25    0.043253    0.095341  (       1      13      22      26      33)
          26    0.043275    0.094121  (      10      13      21      30      48)
          27    0.043323    0.093520  (       3      13      24      26      33)
          28    0.043323    0.094004  (      10      13      21      25      42)
          29    0.043326    0.095248  (       1      13      22      26      34)
          30    0.043342    0.089679  (      10      13      21      24      44)
          31    0.043347    0.092774  (       3      13      25      26      33)
          32    0.043358    0.099655  (       2      15      20      21      25)
          33    0.043380    0.097559  (      10      13      21      30      49)
          34    0.043392    0.093422  (       3      13      24      26      34)
          35    0.043406    0.089149  (      10      13      21      24      46)
          36    0.043416    0.092677  (       3      13      25      26      34)
          37    0.043419    0.087456  (      10      13      21      24      45)
          38    0.043471    0.099505  (       2      15      20      21      24)
          39    0.043477    0.095400  (      10      13      21      24      50)
          40    0.043488    0.089780  (      10      13      21      25      44)
          41    0.043511    0.090340  (      10      13      21      30      47)
          42    0.043518    0.101607  (       1      13      24      26      33)
          43    0.043524    0.087381  (      10      13      21      24      43)
          44    0.043542    0.100858  (       1      13      25      26      33)
          45    0.043549    0.089248  (      10      13      21      25      46)
          46    0.043571    0.087478  (      10      13      21      25      45)
          47    0.043583    0.092449  (      10      13      21      30      42)
          48    0.043593    0.095491  (      10      13      21      25      50)
          49    0.043596    0.101506  (       1      13      24      26      34)
          50    0.043598    0.097571  (      10      13      21      30      50)
          51    0.043620    0.100758  (       1      13      25      26      34)
          52    0.043670    0.087488  (      10      13      21      25      43)
          53    0.043708    0.099370  (      10      13      21      29      49)
          54    0.043759    0.098977  (      10      13      21      27      49)
          55    0.043825    0.090561  (      10      13      21      27      45)
          56    0.043859    0.104710  (       3      13      26      29      33)
          57    0.043870    0.089047  (      10      13      21      24      47)
          58    0.043915    0.104607  (       3      13      26      29      34)
          59    0.043942    0.090200  (      10      13      21      24      48)
          60    0.044009    0.089074  (      10      13      21      25      47)
          61    0.044054    0.098783  (      10      13      21      27      50)
          62    0.044089    0.090211  (      10      13      21      25      48)
          63    0.044092    0.112761  (       1      13      26      29      33)
          64    0.044151    0.102136  (       3      13      26      27      33)
          65    0.044155    0.112655  (       1      13      26      29      34)
          66    0.044195    0.089661  (      10      13      21      29      44)
          67    0.044202    0.102036  (       3      13      26      27      34)
          68    0.044203    0.098724  (      10      13      21      29      50)
          69    0.044248    0.091456  (      10      13      21      27      44)
          70    0.044255    0.110407  (       1      13      26      27      33)
          71    0.044270    0.100909  (       3      13      26      28      33)
          72    0.044282    0.089121  (      10      13      21      29      46)
          73    0.044312    0.102130  (       3      13      22      23      33)
          74    0.044315    0.110304  (       1      13      26      27      34)
          75    0.044324    0.100809  (       3      13      26      28      34)
          76    0.044328    0.090902  (      10      13      21      27      46)
          77    0.044331    0.099711  (      10      13      21      28      49)
          78    0.044347    0.089466  (       8      15      20      21      22)
          79    0.044397    0.109114  (       1      13      26      28      33)
          80    0.044399    0.102080  (       3      13      22      23      34)
          81    0.044400    0.099101  (      10      13      21      29      41)
          82    0.044403    0.100634  (      10      13      21      27      41)
          83    0.044460    0.109011  (       1      13      26      28      34)
          84    0.044464    0.089173  (      10      13      21      29      43)
          85    0.044496    0.089201  (      10      13      21      27      43)
          86    0.044498    0.109096  (       3      13      23      24      33)
          87    0.044514    0.108362  (       3      13      23      25      33)
          88    0.044522    0.088985  (      10      13      21      29      45)
          89    0.044590    0.109039  (       3      13      23      24      34)
          90    0.044606    0.108306  (       3      13      23      25      34)
          91    0.044637    0.091986  (       8      15      20      21      29)
          92    0.044661    0.090486  (      10      13      21      28      45)
          93    0.044691    0.099362  (      10      13      21      28      50)
          94    0.044698    0.098067  (       2      15      20      21      22)
          95    0.044702    0.099817  (      10      15      21      24      25)
          96    0.044718    0.093361  (      10      13      21      29      48)
          97    0.044745    0.102358  (       8      15      20      21      28)
          98    0.044794    0.092890  (      10      13      21      27      48)
          99    0.044829    0.110396  (       1      13      22      23      33)
         100    0.044845    0.111921  (       2      15      20      21      28)
