        Rank     LS_RMSE    LS_MaxAE  Feature_ID
           1    0.119678    0.479316  (       1)
           2    0.120087    0.486076  (       2)
           3    0.121385    0.484958  (       3)
           4    0.121472    0.462385  (       4)
           5    0.121960    0.475676  (       5)
           6    0.121972    0.464488  (       6)
           7    0.122045    0.502899  (       7)
           8    0.122301    0.492323  (       8)
           9    0.122468    0.415190  (       9)
          10    0.122731    0.498335  (      10)
