        Rank     LS_RMSE    LS_MaxAE  Feature_ID
           1    0.035945    0.073501  (      10      13      21      22      42      53)
           2    0.036192    0.070320  (      10      13      21      22      42      54)
           3    0.036281    0.070805  (      10      13      21      30      42      53)
           4    0.036320    0.069186  (      10      13      21      30      42      54)
           5    0.036546    0.073933  (      10      13      21      22      42      51)
           6    0.036616    0.070946  (      10      13      21      30      42      51)
           7    0.036663    0.069422  (      10      13      21      30      41      51)
           8    0.036718    0.073272  (      10      13      21      24      42      53)
           9    0.036747    0.068826  (      10      13      21      22      41      51)
          10    0.036776    0.080313  (      10      13      21      22      41      53)
          11    0.036884    0.073351  (      10      13      21      25      42      53)
          12    0.036960    0.069947  (      10      13      21      24      42      54)
          13    0.036961    0.077672  (      10      13      21      22      41      54)
          14    0.037037    0.081262  (      10      13      21      30      41      58)
          15    0.037045    0.074903  (      10      13      21      30      41      54)
          16    0.037055    0.078100  (      10      13      21      30      41      53)
          17    0.037135    0.070036  (      10      13      21      25      42      54)
          18    0.037209    0.069187  (      10      13      21      30      41      52)
          19    0.037217    0.081294  (      10      13      21      22      41      58)
          20    0.037228    0.087204  (      10      13      21      22      41      59)
          21    0.037319    0.069678  (      10      13      21      22      41      52)
          22    0.037400    0.080250  (      10      13      21      24      41      53)
          23    0.037441    0.069349  (      10      13      21      24      41      51)
          24    0.037445    0.071888  (      10      13      21      24      42      51)
          25    0.037482    0.087394  (      10      13      21      22      41      60)
          26    0.037560    0.080317  (      10      13      21      25      41      53)
          27    0.037573    0.077477  (      10      13      21      24      41      54)
          28    0.037619    0.069404  (      10      13      21      25      41      51)
          29    0.037623    0.080870  (      10      13      21      22      42      52)
          30    0.037628    0.071680  (      10      13      21      25      42      51)
          31    0.037725    0.073912  (      10      13      21      27      42      53)
          32    0.037741    0.077554  (      10      13      21      25      41      54)
          33    0.037758    0.084112  (      10      13      21      22      41      56)
          34    0.037771    0.077494  (      10      13      21      22      41      55)
          35    0.037778    0.084529  (      10      13      21      30      41      56)
          36    0.037785    0.077048  (      10      13      21      30      42      52)
          37    0.037922    0.079165  (      10      13      21      30      41      55)
          38    0.037988    0.072769  (      10      13      21      29      42      53)
          39    0.037998    0.072601  (      10      13      21      27      42      54)
          40    0.038073    0.079767  (      10      13      21      30      41      57)
          41    0.038076    0.085279  (      10      13      21      22      42      55)
          42    0.038090    0.069953  (      10      13      21      24      41      52)
          43    0.038093    0.088145  (      10      13      21      24      41      60)
          44    0.038131    0.088265  (      10      13      21      30      41      60)
          45    0.038136    0.082241  (      10      13      21      22      42      57)
          46    0.038137    0.088079  (      10      13      21      30      41      59)
          47    0.038144    0.081259  (      10      13      21      30      42      57)
          48    0.038167    0.087952  (      10      13      21      24      41      59)
          49    0.038185    0.077382  (      10      13      21      22      41      57)
          50    0.038202    0.090871  (      10      13      21      22      42      59)
          51    0.038202    0.073374  (      10      13      21      27      41      51)
          52    0.038215    0.081982  (      10      13      21      24      41      58)
          53    0.038216    0.080647  (      10      13      21      27      41      53)
          54    0.038234    0.088045  (      10      13      21      25      41      60)
          55    0.038275    0.069900  (      10      13      21      25      41      52)
          56    0.038322    0.072249  (      10      13      21      29      42      54)
          57    0.038326    0.077420  (      10      13      21      22      42      45)
          58    0.038328    0.087840  (      10      13      21      25      41      59)
          59    0.038345    0.088205  (      10      12      15      21      25      42)
          60    0.038365    0.073912  (      10      13      21      28      42      53)
          61    0.038391    0.087161  (      10      13      21      22      42      58)
          62    0.038406    0.081904  (      10      13      21      25      41      58)
          63    0.038414    0.077637  (      10      13      21      27      41      54)
          64    0.038431    0.074392  (      10      13      21      27      42      51)
          65    0.038437    0.082084  (      10      13      21      30      42      55)
          66    0.038455    0.088318  (      10      12      15      21      24      42)
          67    0.038483    0.084734  (      10      13      21      24      41      56)
          68    0.038550    0.091782  (      10      13      21      22      42      60)
          69    0.038559    0.079694  (      10      13      21      29      41      53)
          70    0.038629    0.078820  (      10      13      21      24      42      52)
          71    0.038647    0.072554  (      10      13      21      28      42      54)
          72    0.038652    0.084643  (      10      13      21      25      41      56)
          73    0.038659    0.077840  (      10      13      21      30      42      45)
          74    0.038682    0.107909  (       1      13      23      24      33      42)
          75    0.038694    0.101032  (       1      13      22      26      33      42)
          76    0.038695    0.087366  (      10      13      21      30      42      58)
          77    0.038712    0.077900  (      10      13      21      24      41      55)
          78    0.038727    0.100722  (       1      13      22      26      34      42)
          79    0.038735    0.107786  (       1      13      23      25      33      42)
          80    0.038738    0.107636  (       1      13      23      24      34      42)
          81    0.038742    0.107565  (       1      13      22      23      33      42)
          82    0.038745    0.101425  (       1      13      24      26      33      42)
          83    0.038770    0.089921  (      10      13      21      22      42      56)
          84    0.038775    0.074819  (      10      13      21      29      41      51)
          85    0.038783    0.101109  (       1      13      24      26      34      42)
          86    0.038792    0.107513  (       1      13      23      25      34      42)
          87    0.038794    0.107298  (       1      13      22      23      34      42)
          88    0.038804    0.101298  (       1      13      25      26      33      42)
          89    0.038812    0.076880  (      10      13      21      29      41      54)
          90    0.038814    0.078576  (      10      13      21      25      42      52)
          91    0.038819    0.080696  (      10      13      21      28      41      53)
          92    0.038842    0.100982  (       1      13      25      26      34      42)
          93    0.038848    0.082011  (      10      13      21      22      41      45)
          94    0.038875    0.072671  (      10      13      21      28      41      51)
          95    0.038883    0.077944  (      10      13      21      25      41      55)
          96    0.038907    0.077320  (      10      13      21      27      41      52)
          97    0.038921    0.105729  (       3      13      23      24      33      42)
          98    0.038923    0.075745  (      10      13      21      29      42      51)
          99    0.038953    0.075400  (      10      12      15      21      25      47)
         100    0.038970    0.105459  (       3      13      23      24      34      42)
