    0.19274E+00
    0.14334E+00
    0.19734E+00
    0.20574E+00
    0.17024E+00
    0.21054E+00
    0.24918E+00
   -0.12946E+00
    0.11744E+00
    0.35140E-01
    0.14704E+00
    0.45360E-01
    0.35810E-01
   -0.14519E+00
    0.80910E-01
   -0.87900E-02
   -0.17889E+00
   -0.47168E+00
   -0.65880E-01
   -0.16337E+00
   -0.87270E-01
   -0.48800E-02
    0.97970E-01
    0.24370E-01
    0.11547E+00
    0.12400E+00
    0.17600E-01
    0.14950E+00
    0.66680E-01
    0.12348E+00
    0.27080E-01
    0.17980E-01
   -0.21827E+00
   -0.10777E+00
   -0.57550E-01
   -0.34974E+00
   -0.13742E+00
   -0.98520E-01
   -0.41828E+00
   -0.14888E+00
    0.32600E-02
    0.24908E+00
   -0.55420E-01
