    0.20069E+00
    0.15129E+00
    0.20529E+00
    0.21369E+00
    0.17819E+00
    0.21849E+00
    0.24214E+00
   -0.71092E+00
    0.46800E-02
    0.25158E+00
    0.16928E+00
    0.28118E+00
   -0.25440E-01
    0.34270E-01
   -0.14673E+00
    0.79370E-01
    0.13100E+00
    0.72000E-03
   -0.47569E+00
   -0.69890E-01
   -0.88870E-01
   -0.10300E-01
    0.99370E-01
    0.25770E-01
    0.11687E+00
    0.12738E+00
    0.20980E-01
    0.15288E+00
   -0.18160E-01
    0.12404E+00
    0.27640E-01
   -0.37130E-01
   -0.21987E+00
   -0.10937E+00
   -0.58930E-01
   -0.34904E+00
   -0.13686E+00
   -0.97960E-01
   -0.42229E+00
   -0.15289E+00
   -0.48720E-01
    0.24964E+00
   -0.12738E+00
