        Rank     LS_RMSE    LS_MaxAE  Feature_ID
           1    0.040875    0.103034  (       7      13      28      32      47)
           2    0.040978    0.101100  (       7      13      30      32      47)
           3    0.041342    0.083912  (       7      13      21      32      48)
           4    0.041368    0.077217  (       7      13      21      32      42)
           5    0.041410    0.085527  (       7      13      28      32      42)
           6    0.041423    0.084255  (       7      13      30      32      42)
           7    0.041452    0.079725  (       7      13      28      32      45)
           8    0.041501    0.077623  (       7      13      30      32      45)
           9    0.041534    0.095180  (       7      13      21      32      47)
          10    0.041608    0.075842  (       7      13      21      32      45)
          11    0.041629    0.075241  (       7      13      21      32      41)
          12    0.041647    0.082225  (       7      13      28      32      44)
          13    0.041665    0.090417  (       7      13      28      32      41)
          14    0.041689    0.089154  (       7      13      30      32      41)
          15    0.041706    0.080128  (       7      13      30      32      44)
          16    0.041811    0.073937  (       7      13      21      32      44)
          17    0.041828    0.095082  (       5      13      21      31      32)
          18    0.041888    0.095554  (       5      13      21      31      34)
          19    0.041942    0.090799  (       7      13      22      32      48)
          20    0.041970    0.095618  (       5      13      21      31      36)
          21    0.041998    0.089987  (       7      13      23      32      48)
          22    0.041999    0.098524  (       5      13      21      32      33)
          23    0.042017    0.087908  (       7      13      28      32      43)
          24    0.042022    0.100475  (       5      13      30      32      33)
          25    0.042029    0.099248  (       5      13      21      33      34)
          26    0.042033    0.075936  (       7      13      21      32      43)
          27    0.042043    0.086626  (       7      13      30      32      43)
          28    0.042056    0.096670  (       5      13      30      31      32)
          29    0.042066    0.094694  (       7      17      23      32      50)
          30    0.042074    0.101252  (       5      13      30      33      34)
          31    0.042099    0.099329  (       5      13      21      33      36)
          32    0.042130    0.079351  (       7      13      21      32      46)
          33    0.042143    0.101336  (       5      13      30      33      36)
          34    0.042152    0.094418  (       7      13      29      32      47)
          35    0.042153    0.097180  (       5      13      30      31      34)
          36    0.042160    0.100769  (       5      13      28      32      33)
          37    0.042189    0.101555  (       5      13      28      33      34)
          38    0.042194    0.097004  (       5      13      28      31      32)
          39    0.042203    0.094411  (       7      17      22      32      50)
          40    0.042234    0.097247  (       5      13      30      31      36)
          41    0.042240    0.098202  (       7      17      23      32      46)
          42    0.042259    0.101640  (       5      13      28      33      36)
          43    0.042260    0.097987  (       5      13      29      32      33)
          44    0.042262    0.083416  (       7      13      21      32      50)
          45    0.042268    0.097525  (       5      13      28      31      34)
          46    0.042305    0.091397  (       7      13      28      32      49)
          47    0.042315    0.098251  (       7      13      30      32      48)
          48    0.042327    0.078316  (       7      13      21      32      49)
          49    0.042332    0.094010  (       5      13      29      31      32)
          50    0.042341    0.090116  (       7      13      30      32      49)
          51    0.042349    0.097591  (       5      13      28      31      36)
          52    0.042380    0.099437  (       7      13      28      32      48)
          53    0.042381    0.097904  (       7      17      22      32      46)
          54    0.042407    0.098683  (       5      13      29      33      34)
          55    0.042431    0.095365  (       7      13      24      32      47)
          56    0.042432    0.102527  (       7      13      24      32      48)
          57    0.042433    0.078464  (       7      13      29      32      45)
          58    0.042467    0.096790  (       7      17      23      32      42)
          59    0.042471    0.098763  (       5      13      29      33      36)
          60    0.042474    0.075880  (       7      13      24      32      45)
          61    0.042483    0.088669  (       7      13      29      32      42)
          62    0.042490    0.096594  (       7      17      22      32      42)
          63    0.042523    0.094451  (       5      13      29      31      34)
          64    0.042542    0.078240  (       7      13      22      32      42)
          65    0.042583    0.076017  (       7      13      22      32      45)
          66    0.042598    0.094514  (       5      13      29      31      36)
          67    0.042638    0.075424  (       7      13      29      32      44)
          68    0.042672    0.078311  (       7      13      23      32      42)
          69    0.042680    0.086177  (       7      13      24      32      42)
          70    0.042698    0.096563  (       5      13      22      31      32)
          71    0.042710    0.076042  (       7      13      23      32      45)
          72    0.042720    0.095834  (       7      13      21      34      48)
          73    0.042722    0.093570  (       7      17      23      32      41)
          74    0.042727    0.093624  (       7      13      30      32      46)
          75    0.042745    0.093377  (       7      17      22      32      41)
          76    0.042746    0.093628  (       7      13      29      32      41)
          77    0.042751    0.094846  (       7      13      28      32      46)
          78    0.042756    0.095797  (       7      13      21      36      48)
          79    0.042759    0.073915  (       7      13      24      32      44)
          80    0.042760    0.104305  (       7      13      25      32      48)
          81    0.042770    0.095503  (       5      13      25      31      32)
          82    0.042799    0.100847  (       7      13      27      32      48)
          83    0.042804    0.096665  (       5      13      23      31      32)
          84    0.042812    0.075279  (       7      13      22      32      44)
          85    0.042821    0.080981  (       7      13      22      32      41)
          86    0.042834    0.097055  (       5      13      22      31      34)
          87    0.042840    0.108379  (       7      13      26      32      48)
          88    0.042849    0.097645  (       7      13      30      32      50)
          89    0.042864    0.098849  (       7      13      28      32      50)
          90    0.042879    0.095450  (       5      13      26      31      32)
          91    0.042883    0.096875  (       7      13      22      32      47)
          92    0.042889    0.099072  (       5      13      25      32      33)
          93    0.042895    0.075742  (       7      13      26      32      45)
          94    0.042914    0.097119  (       5      13      22      31      36)
          95    0.042934    0.099926  (       5      13      22      32      33)
          96    0.042939    0.075418  (       7      13      23      32      44)
          97    0.042940    0.097159  (       5      13      23      31      34)
          98    0.042950    0.080177  (       7      13      23      32      41)
          99    0.042964    0.075989  (       7      13      25      32      45)
         100    0.042998    0.095972  (       5      13      25      31      34)
