        Rank     LS_RMSE    LS_MaxAE  Feature_ID
           1    0.035573    0.091947  (       7       9      17      23      32      48)
           2    0.035809    0.091603  (       7       9      17      22      32      48)
           3    0.036290    0.098394  (       7      13      30      32      47      59)
           4    0.036323    0.100343  (       7      13      28      32      47      59)
           5    0.036373    0.091562  (       7       9      17      25      32      48)
           6    0.036398    0.098322  (       7      13      30      32      47      58)
           7    0.036420    0.092332  (       7      13      21      32      47      59)
           8    0.036440    0.100268  (       7      13      28      32      47      58)
           9    0.036509    0.107336  (       7      17      23      32      42      59)
          10    0.036522    0.092273  (       7      13      21      32      47      58)
          11    0.036535    0.107994  (       7      17      23      32      42      58)
          12    0.036558    0.084034  (       7      13      28      32      47      55)
          13    0.036582    0.107097  (       7      17      22      32      42      59)
          14    0.036600    0.084239  (       7      13      28      32      47      56)
          15    0.036610    0.107750  (       7      17      22      32      42      58)
          16    0.036613    0.097457  (       7      13      30      34      47      59)
          17    0.036615    0.091404  (       7      13      21      34      47      59)
          18    0.036618    0.105427  (       7      17      23      32      41      58)
          19    0.036633    0.091408  (       7      13      21      36      47      59)
          20    0.036634    0.097465  (       7      13      30      36      47      59)
          21    0.036637    0.099435  (       7      13      28      34      47      59)
          22    0.036645    0.084149  (       7      13      28      32      47      60)
          23    0.036655    0.104700  (       7      17      23      32      41      59)
          24    0.036658    0.099444  (       7      13      28      36      47      59)
          25    0.036674    0.091627  (       7       9      17      23      36      48)
          26    0.036681    0.091570  (       7       9      17      23      34      48)
          27    0.036688    0.091320  (       7      13      21      34      47      58)
          28    0.036694    0.105184  (       7      17      22      32      41      58)
          29    0.036698    0.097356  (       7      13      30      34      47      58)
          30    0.036705    0.091324  (       7      13      21      36      47      58)
          31    0.036717    0.097364  (       7      13      30      36      47      58)
          32    0.036722    0.080844  (       7      15      19      27      32      42)
          33    0.036729    0.104462  (       7      17      22      32      41      59)
          34    0.036733    0.099328  (       7      13      28      34      47      58)
          35    0.036734    0.092204  (       6       7      17      23      32      48)
          36    0.036736    0.085834  (       7      13      28      32      47      51)
          37    0.036752    0.099338  (       7      13      28      36      47      58)
          38    0.036764    0.078754  (       7      15      19      27      32      41)
          39    0.036769    0.086600  (       7      13      28      32      47      52)
          40    0.036781    0.083964  (       7      13      30      32      47      55)
          41    0.036796    0.082231  (       7      18      19      24      32      42)
          42    0.036816    0.087171  (       7      13      28      32      47      53)
          43    0.036821    0.084167  (       7      13      30      32      47      56)
          44    0.036851    0.080055  (       7      18      19      24      32      41)
          45    0.036865    0.091486  (       7      13      29      32      47      59)
          46    0.036869    0.084078  (       7      13      30      32      47      60)
          47    0.036895    0.091913  (       6       7      17      22      32      48)
          48    0.036910    0.091278  (       7       9      17      22      36      48)
          49    0.036918    0.091222  (       7       9      17      22      34      48)
          50    0.036951    0.085746  (       7      13      30      32      47      51)
          51    0.036954    0.091423  (       7      13      29      32      47      58)
          52    0.036963    0.092398  (       7      13      24      32      47      59)
          53    0.036985    0.086500  (       7      13      30      32      47      52)
          54    0.036988    0.081738  (       3       7      17      27      32      48)
          55    0.036997    0.085479  (       7      17      25      34      47      59)
          56    0.037011    0.080664  (       7       8      17      27      32      48)
          57    0.037012    0.096771  (       7       9      17      27      32      48)
          58    0.037013    0.102223  (       7      13      28      32      47      54)
          59    0.037015    0.085834  (       7      17      23      34      47      59)
          60    0.037015    0.086254  (       7      17      25      32      47      59)
          61    0.037018    0.082404  (       7      18      19      27      32      42)
          62    0.037027    0.085481  (       7      17      25      36      47      59)
          63    0.037033    0.085545  (       7      17      22      34      47      59)
          64    0.037033    0.087063  (       7      13      30      32      47      53)
          65    0.037043    0.085316  (       7      17      25      34      47      58)
          66    0.037046    0.107926  (       7      17      25      32      42      59)
          67    0.037048    0.085835  (       7      17      23      36      47      59)
          68    0.037052    0.092330  (       7      13      24      32      47      58)
          69    0.037063    0.108616  (       7      17      25      32      42      58)
          70    0.037066    0.085546  (       7      17      22      36      47      59)
          71    0.037069    0.085598  (       7      13      21      32      42      59)
          72    0.037071    0.085319  (       7      17      25      36      47      58)
          73    0.037074    0.080259  (       7      18      19      27      32      41)
          74    0.037074    0.085676  (       7      17      23      34      47      58)
          75    0.037094    0.085387  (       7      17      22      34      47      58)
          76    0.037102    0.100328  (       7      13      30      32      47      54)
          77    0.037105    0.085677  (       7      17      23      36      47      58)
          78    0.037116    0.086115  (       7      17      25      32      47      58)
          79    0.037122    0.082227  (       3       7      17      25      32      48)
          80    0.037125    0.086549  (       7      17      23      32      47      59)
          81    0.037125    0.085388  (       7      17      22      36      47      58)
          82    0.037127    0.108998  (       7      17      23      34      42      58)
          83    0.037135    0.086266  (       7      17      22      32      47      59)
          84    0.037139    0.108140  (       7      17      23      34      42      59)
          85    0.037140    0.086029  (       7      13      21      32      42      58)
          86    0.037165    0.109032  (       7      17      23      36      42      58)
          87    0.037170    0.083341  (       7       8      17      25      32      48)
          88    0.037179    0.108169  (       7      17      23      36      42      59)
          89    0.037198    0.087189  (       7      13      28      32      47      57)
          90    0.037208    0.108749  (       7      17      22      34      42      58)
          91    0.037210    0.092336  (       7       9      17      26      32      48)
          92    0.037210    0.090480  (       7      13      29      34      47      59)
          93    0.037212    0.105898  (       7      17      25      32      41      58)
          94    0.037218    0.107896  (       7      17      22      34      42      59)
          95    0.037219    0.077005  (       7      18      19      25      32      42)
          96    0.037222    0.077947  (       7      18      19      26      32      42)
          97    0.037222    0.090485  (       7      13      29      36      47      59)
          98    0.037225    0.091429  (       7      13      24      34      47      59)
          99    0.037233    0.106446  (       7      17      23      34      41      58)
         100    0.037235    0.086416  (       7      17      23      32      47      58)
