        Rank     LS_RMSE    LS_MaxAE  Feature_ID
           1    0.052049    0.125542  (       7      13      21      32)
           2    0.052143    0.121819  (       7      13      28      32)
           3    0.052246    0.121981  (       7      13      30      32)
           4    0.052319    0.166654  (       5      13      21      31)
           5    0.052557    0.164910  (       5      13      29      31)
           6    0.052667    0.124122  (       5      13      21      32)
           7    0.052868    0.122748  (       5      13      24      32)
           8    0.052902    0.173293  (       5      13      21      33)
           9    0.052904    0.171471  (       5      13      29      33)
          10    0.052983    0.128552  (       5      13      28      32)
          11    0.053020    0.124860  (       7      13      22      32)
          12    0.053071    0.126348  (       5      13      30      32)
          13    0.053121    0.124782  (       7      13      23      32)
          14    0.053212    0.125052  (       7      13      29      32)
          15    0.053249    0.167137  (       5      13      22      31)
          16    0.053260    0.167785  (       5      13      30      31)
          17    0.053354    0.167177  (       5      13      23      31)
          18    0.053399    0.168341  (       5      13      28      31)
          19    0.053412    0.167357  (       5      13      25      31)
          20    0.053543    0.121489  (       5      13      26      32)
          21    0.053551    0.121498  (       5      13      22      32)
          22    0.053557    0.120796  (       5      13      27      32)
          23    0.053620    0.168117  (       5      13      26      31)
          24    0.053643    0.121293  (       5      13      23      32)
          25    0.053650    0.121172  (       5      13      25      32)
          26    0.053651    0.174291  (       5      13      30      33)
          27    0.053750    0.127748  (       7      13      25      32)
          28    0.053785    0.174791  (       5      13      28      33)
          29    0.053818    0.126684  (       5      13      29      32)
          30    0.053900    0.173924  (       5      13      22      33)
          31    0.053929    0.128989  (       5      13      21      34)
          32    0.053946    0.174021  (       5      13      25      33)
          33    0.053966    0.170826  (       5      13      24      31)
          34    0.053983    0.129162  (       5      13      21      36)
          35    0.054013    0.173978  (       5      13      23      33)
          36    0.054131    0.130824  (       7      13      26      32)
          37    0.054155    0.174736  (       5      13      26      33)
          38    0.054248    0.130447  (       5      13      21      35)
          39    0.054290    0.127341  (       5      13      28      34)
          40    0.054338    0.129604  (       5      13      21      37)
          41    0.054341    0.127759  (       5      13      24      34)
          42    0.054342    0.127307  (       5      13      28      36)
          43    0.054360    0.127060  (       7      13      21      36)
          44    0.054376    0.130248  (       5      13      21      38)
          45    0.054386    0.127928  (       5      13      24      36)
          46    0.054400    0.127246  (       7      13      21      34)
          47    0.054411    0.128116  (       5      13      30      34)
          48    0.054431    0.130189  (       5      13      21      39)
          49    0.054431    0.130189  (       5      13      21      40)
          50    0.054463    0.128291  (       5      13      30      36)
          51    0.054491    0.129140  (       5      13      24      35)
          52    0.054519    0.123031  (       7      13      28      36)
          53    0.054562    0.123223  (       7      13      28      34)
          54    0.054581    0.177308  (       5      13      24      33)
          55    0.054581    0.128916  (       5      13      24      38)
          56    0.054597    0.128294  (       5      13      24      37)
          57    0.054627    0.128850  (       5      13      24      39)
          58    0.054627    0.128850  (       5      13      24      40)
          59    0.054630    0.170814  (       5      13      27      31)
          60    0.054654    0.123480  (       7      13      30      36)
          61    0.054678    0.123423  (       7      13      21      40)
          62    0.054678    0.123423  (       7      13      21      39)
          63    0.054698    0.123673  (       7      13      30      34)
          64    0.054721    0.128229  (       5      13      28      35)
          65    0.054746    0.124619  (       7      13      21      38)
          66    0.054782    0.139630  (       7      13      24      32)
          67    0.054789    0.127350  (       5      13      28      37)
          68    0.054838    0.129661  (       5      13      30      35)
          69    0.054853    0.128024  (       5      13      28      38)
          70    0.054889    0.126420  (       5      13      22      34)
          71    0.054904    0.128780  (       5      13      30      37)
          72    0.054906    0.127013  (       7      13      21      35)
          73    0.054911    0.127963  (       5      13      28      39)
          74    0.054911    0.127963  (       5      13      28      40)
          75    0.054941    0.126593  (       5      13      22      36)
          76    0.054954    0.119369  (       7      13      28      40)
          77    0.054954    0.119369  (       7      13      28      39)
          78    0.054971    0.129455  (       5      13      30      38)
          79    0.054981    0.126216  (       5      13      23      34)
          80    0.055003    0.127343  (       7      13      21      37)
          81    0.055014    0.125276  (       5      13      26      34)
          82    0.055022    0.120593  (       7      13      28      38)
          83    0.055028    0.129394  (       5      13      30      39)
          84    0.055028    0.129394  (       5      13      30      40)
          85    0.055033    0.126389  (       5      13      23      36)
          86    0.055035    0.125477  (       5      13      27      34)
          87    0.055062    0.125447  (       5      13      26      36)
          88    0.055073    0.124684  (       5      13      25      34)
          89    0.055080    0.125647  (       5      13      27      36)
          90    0.055087    0.119815  (       7      13      30      40)
          91    0.055087    0.119815  (       7      13      30      39)
          92    0.055122    0.124856  (       5      13      25      36)
          93    0.055155    0.121039  (       7      13      30      38)
          94    0.055181    0.123045  (       7      13      28      35)
          95    0.055190    0.127885  (       5      13      22      35)
          96    0.055199    0.126870  (       5      13      27      35)
          97    0.055222    0.131685  (       5      13      29      34)
          98    0.055243    0.126706  (       5      13      26      35)
          99    0.055258    0.123373  (       7      13      28      37)
         100    0.055266    0.137850  (       7      13      27      32)
