        Rank     LS_RMSE    LS_MaxAE  Feature_ID
           1    0.066421    0.206111  (       5      13      21)
           2    0.066938    0.208709  (       5      13      24)
           3    0.067391    0.205783  (       5      13      29)
           4    0.067401    0.206942  (       5      13      22)
           5    0.067423    0.207878  (       5      13      28)
           6    0.067495    0.206998  (       5      13      23)
           7    0.067515    0.207687  (       5      13      30)
           8    0.067567    0.207629  (       5      13      26)
           9    0.067589    0.207234  (       5      13      25)
          10    0.067621    0.208924  (       5      13      27)
          11    0.067674    0.206568  (       7      13      21)
          12    0.068375    0.204566  (       5      11      27)
          13    0.068509    0.208344  (       7      13      28)
          14    0.068613    0.208151  (       7      13      30)
          15    0.068664    0.206255  (       7      13      29)
          16    0.068704    0.207374  (       7      13      22)
          17    0.068804    0.207428  (       7      13      23)
          18    0.069384    0.202339  (       5      11      23)
          19    0.069425    0.207570  (       7      13      25)
          20    0.069594    0.202245  (       5      11      22)
          21    0.069808    0.207875  (       7      13      26)
          22    0.069842    0.203030  (       7      11      23)
          23    0.069918    0.220598  (       5      17      22)
          24    0.069937    0.220759  (       5      17      23)
          25    0.070009    0.202212  (       5      11      25)
          26    0.070041    0.203866  (       5      11      24)
          27    0.070042    0.202939  (       7      11      22)
          28    0.070204    0.202655  (       5      11      26)
          29    0.070286    0.208661  (       7      13      24)
          30    0.070379    0.219772  (       5      17      21)
          31    0.070566    0.222519  (       5      17      25)
          32    0.070781    0.208884  (       7      13      27)
          33    0.071044    0.202800  (       7      11      25)
          34    0.071067    0.223694  (       5      12      22)
          35    0.071117    0.223846  (       5      12      23)
          36    0.071194    0.222934  (       5      17      26)
          37    0.071248    0.204660  (       7      11      27)
          38    0.071731    0.203132  (       7      11      26)
          39    0.071754    0.222999  (       5      12      21)
          40    0.071954    0.200746  (       5      11      21)
          41    0.071972    0.224507  (       5      17      27)
          42    0.072148    0.223910  (       5      17      24)
          43    0.072245    0.201487  (       7      11      21)
          44    0.072438    0.225529  (       5      12      25)
          45    0.072606    0.203581  (       5      18      27)
          46    0.072861    0.203995  (       7      11      24)
          47    0.073161    0.202864  (       5      15      27)
          48    0.073208    0.225803  (       5      12      26)
          49    0.073473    0.219520  (       5      17      29)
          50    0.073522    0.206601  (       5      18      23)
          51    0.073606    0.202890  (       5      18      24)
          52    0.073649    0.206526  (       5      18      22)
          53    0.073709    0.201757  (       7      18      23)
          54    0.073829    0.201665  (       7      18      22)
          55    0.073987    0.205533  (       5      15      23)
          56    0.074112    0.205836  (       5      18      25)
          57    0.074128    0.201242  (       7      15      23)
          58    0.074132    0.205479  (       5      15      22)
          59    0.074266    0.201154  (       7      15      22)
          60    0.074314    0.202182  (       5      15      24)
          61    0.074319    0.206512  (       5      18      26)
          62    0.074506    0.222970  (       5      12      29)
          63    0.074552    0.195103  (       7      13      17)
          64    0.074585    0.226844  (       5      12      27)
          65    0.074729    0.204752  (       5      15      25)
          66    0.074791    0.226281  (       5      12      24)
          67    0.074940    0.201426  (       7      18      25)
          68    0.074945    0.205399  (       5      15      26)
          69    0.075114    0.212293  (       4       7      13)
          70    0.075200    0.201457  (       5      18      21)
          71    0.075205    0.199983  (       7      18      21)
          72    0.075216    0.222218  (       5      17      30)
          73    0.075361    0.222481  (       5      17      28)
          74    0.075467    0.200868  (       7      15      25)
          75    0.075502    0.213097  (       1       7      13)
          76    0.075514    0.203626  (       7      18      27)
          77    0.075552    0.224832  (       5      20      22)
          78    0.075566    0.225013  (       5      20      23)
          79    0.075720    0.201825  (       7      18      26)
          80    0.075866    0.199519  (       7      15      21)
          81    0.075867    0.202965  (       7      15      27)
          82    0.075899    0.200776  (       5      15      21)
          83    0.076138    0.225495  (       5      12      30)
          84    0.076143    0.205124  (       5      11      29)
          85    0.076221    0.201245  (       7      15      26)
          86    0.076330    0.225717  (       5      12      28)
          87    0.076389    0.200766  (       7      11      29)
          88    0.076563    0.202951  (       7      18      24)
          89    0.076772    0.218199  (       7      12      13)
          90    0.077047    0.202304  (       7      15      24)
          91    0.077192    0.217140  (       5      11      30)
          92    0.077280    0.211890  (       7      11      30)
          93    0.077375    0.220701  (       5      11      28)
          94    0.077449    0.215381  (       7      11      28)
          95    0.077770    0.216313  (       1      14      19)
          96    0.078224    0.210430  (       7      22      25)
          97    0.078299    0.223382  (       5      20      21)
          98    0.078463    0.226213  (       5      20      25)
          99    0.078486    0.230427  (       7       8      13)
         100    0.078690    0.230925  (       3       7      13)
