        Rank     LS_RMSE    LS_MaxAE  Feature_ID
           1    0.122114    0.467387  (       1)
           2    0.122539    0.359438  (       2)
           3    0.122670    0.448037  (       3)
           4    0.122793    0.469707  (       4)
           5    0.122824    0.484916  (       5)
           6    0.123099    0.437304  (       6)
           7    0.123135    0.491390  (       7)
           8    0.123246    0.449698  (       8)
           9    0.123389    0.481853  (       9)
          10    0.124068    0.377725  (      10)
