        Rank     LS_RMSE    LS_MaxAE  Feature_ID
           1    0.081254    0.253384  (       5      13)
           2    0.082055    0.253341  (       7      13)
           3    0.088376    0.333645  (       5      11)
           4    0.088427    0.328340  (       7      11)
           5    0.092208    0.268491  (       1      13)
           6    0.092879    0.269949  (       4      13)
           7    0.094392    0.249439  (       1      11)
           8    0.094866    0.250905  (       4      11)
           9    0.094918    0.292271  (       5      12)
          10    0.095511    0.288809  (       9      11)
          11    0.095808    0.322160  (       7      15)
          12    0.095872    0.261853  (       4      12)
          13    0.095882    0.257801  (       4      17)
          14    0.095970    0.327531  (       5      15)
          15    0.096109    0.256126  (       1      17)
          16    0.096205    0.262015  (       9      13)
          17    0.096322    0.245143  (       1      15)
          18    0.096413    0.259908  (       1      12)
          19    0.096646    0.305897  (       5      17)
          20    0.096801    0.246621  (       4      15)
          21    0.097012    0.245288  (       1      18)
          22    0.097108    0.322287  (       7      18)
          23    0.097236    0.327650  (       5      18)
          24    0.097466    0.236510  (       4      20)
          25    0.097478    0.246773  (       4      18)
          26    0.097886    0.237291  (       1      19)
          27    0.098096    0.346367  (       5      20)
          28    0.098230    0.276839  (       3      11)
          29    0.098250    0.266303  (       8      20)
          30    0.098353    0.373816  (       1      14)
          31    0.098425    0.235069  (       1      20)
          32    0.098447    0.238762  (       4      19)
          33    0.098571    0.293190  (       3      13)
          34    0.098638    0.361930  (       1      16)
          35    0.098683    0.278203  (       8      11)
          36    0.098818    0.264874  (       3      20)
          37    0.099153    0.294523  (       8      13)
          38    0.099231    0.313523  (       7      19)
          39    0.099522    0.290197  (       8      12)
          40    0.099594    0.281752  (       9      15)
          41    0.099599    0.319086  (       5      19)
          42    0.099695    0.377492  (       4      14)
          43    0.099714    0.288417  (       3      12)
          44    0.099798    0.271921  (       9      19)
          45    0.100191    0.273224  (       3      15)
          46    0.100652    0.274605  (       8      15)
          47    0.100902    0.266531  (       3      19)
          48    0.100946    0.281767  (       9      18)
          49    0.100966    0.273338  (       3      18)
          50    0.101003    0.283066  (       3      17)
          51    0.101033    0.284625  (       8      17)
          52    0.101108    0.369105  (       4      16)
          53    0.101297    0.282229  (       6      11)
          54    0.101415    0.267914  (       8      19)
          55    0.101419    0.274725  (       8      18)
          56    0.102056    0.301901  (       7      17)
          57    0.102259    0.276818  (      10      13)
          58    0.102626    0.275949  (       2      13)
          59    0.103034    0.272553  (       6      19)
          60    0.103282    0.259193  (       2      11)
          61    0.103289    0.259422  (      10      11)
          62    0.103480    0.278690  (       6      15)
          63    0.104013    0.290467  (       7      12)
          64    0.104471    0.278699  (       6      18)
          65    0.105079    0.296255  (       6      13)
          66    0.106828    0.365853  (       3      16)
          67    0.107027    0.281531  (       9      17)
          68    0.107287    0.387188  (       4      10)
          69    0.107437    0.378362  (       3      14)
          70    0.107514    0.264599  (       9      12)
          71    0.107780    0.388498  (       1      10)
          72    0.108074    0.379683  (       2       4)
          73    0.108318    0.380578  (       1       2)
          74    0.108422    0.381060  (       8      14)
          75    0.108424    0.370764  (       8      16)
          76    0.108846    0.258625  (       2      15)
          77    0.108972    0.254320  (      10      15)
          78    0.109659    0.292384  (       9      20)
          79    0.109690    0.333694  (       7      20)
          80    0.109787    0.272815  (       2      18)
          81    0.109941    0.268378  (      10      18)
          82    0.110447    0.456093  (       4       7)
          83    0.110553    0.247299  (       2      19)
          84    0.110582    0.415276  (       5      16)
          85    0.110808    0.284426  (       6      17)
          86    0.110822    0.456108  (       1       7)
          87    0.110847    0.252369  (      10      19)
          88    0.111085    0.446042  (       7       8)
          89    0.111210    0.383978  (       8      10)
          90    0.111312    0.445973  (       3       7)
          91    0.111424    0.269413  (       6      20)
          92    0.111453    0.384928  (       3      10)
          93    0.111458    0.299564  (       2      17)
          94    0.111495    0.375527  (       2       8)
          95    0.111584    0.254525  (       2      20)
          96    0.111586    0.376235  (       2       3)
          97    0.111760    0.287023  (       6      12)
          98    0.112211    0.294714  (      10      17)
          99    0.112831    0.428738  (       7      16)
         100    0.112844    0.282271  (       2      12)
