     Index  y_measurement      y_fitting   descriptor_1   descriptor_2   descriptor_3   descriptor_4   descriptor_5   descriptor_6
         1   -0.73000E-01   -0.92913E-01    0.73061E+00    0.29927E-01   -0.12217E-01    0.59990E+00   -0.12154E+02    0.35067E-01
         2   -0.12240E+00   -0.10569E+00    0.77563E+00    0.23423E-01   -0.14898E-01    0.61200E+00   -0.98702E+01    0.33851E-01
         3   -0.68400E-01   -0.78498E-01    0.67283E+00    0.15923E-01   -0.84577E-02    0.62600E+00   -0.17192E+02    0.13237E-01
         4   -0.60000E-01   -0.68706E-01    0.63510E+00    0.27428E+00   -0.52726E-01    0.16734E+01   -0.68697E+01    0.52131E+00
         5   -0.95500E-01   -0.55063E-01    0.65810E+00    0.35410E+00   -0.61927E-01    0.17842E+01   -0.65833E+01    0.68752E+00
         6   -0.55200E-01   -0.76005E-01    0.61674E+00    0.23011E+00   -0.47073E-01    0.16099E+01   -0.72051E+01    0.42187E+00
         7   -0.76900E-01   -0.44513E-01    0.21313E+00    0.45129E-01   -0.43090E-02    0.23087E+01   -0.40809E+01    0.35732E+00
         8   -0.10770E+01   -0.10268E+01    0.22146E+01    0.19305E+02    0.89326E+03    0.17840E+00    0.14448E+01    0.12971E+00
         9   -0.36140E+00   -0.36139E+00    0.19632E+01    0.64193E+01    0.34435E+05    0.25000E+00    0.95793E+00    0.72763E-01
        10   -0.11450E+00   -0.15140E+00    0.98470E+00    0.66143E-01   -0.29293E-01    0.92020E+00   -0.18645E+02    0.25586E-01
        11   -0.19680E+00   -0.17266E+00    0.10501E+01    0.55536E-01   -0.47535E-01    0.90820E+00   -0.11308E+02    0.35516E-01
        12   -0.84900E-01   -0.89390E-01    0.92106E+00    0.38160E-01   -0.10216E-01    0.88840E+00   -0.51265E+02    0.54067E-02
        13   -0.51090E+00   -0.54260E+00    0.18305E+01    0.46570E-01    0.23135E-02    0.36806E+01    0.32728E+02    0.12247E-02
        14   -0.24870E+00   -0.27628E+00    0.95842E+00    0.19931E+00   -0.61911E-01    0.27845E+01    0.11454E+02    0.14795E+00
        15   -0.42970E+00   -0.39449E+00    0.10888E+01    0.29571E+00   -0.14847E-01    0.28866E+01    0.55129E+02    0.44460E-01
        16   -0.20360E+00   -0.27331E+00    0.94948E+00    0.17684E+00   -0.62616E-01    0.27599E+01    0.10951E+02    0.13809E+00
        17   -0.50170E+00   -0.48510E+00    0.20997E+01    0.80276E-01    0.75237E-02    0.24884E+01    0.55943E+01    0.33190E-01
        18   -0.37490E+00   -0.39742E+00    0.17356E+01    0.27855E+01   -0.27337E+03    0.24801E+01    0.22993E+01    0.69396E+00
        19   -0.74080E+00   -0.73993E+00    0.17504E+01    0.71528E+01   -0.32581E+05    0.10773E+01   -0.30587E+01    0.10731E+00
        20   -0.33500E+00   -0.31741E+00    0.14257E+01    0.64652E+00   -0.68345E+02    0.11931E+01    0.97674E+01    0.10605E-01
        21   -0.37710E+00   -0.35370E+00    0.17299E+01    0.30527E-01    0.45421E+00    0.14937E+01    0.50995E+00    0.22050E-01
        22   -0.29730E+00   -0.31069E+00    0.11109E+01    0.16571E+00   -0.92981E-01    0.24723E+01    0.16367E+02    0.54508E-01
        23   -0.17380E+00   -0.20814E+00    0.11339E+01    0.19712E+00   -0.50295E+00    0.11542E+01    0.38572E+01    0.17030E+00
        24   -0.24740E+00   -0.23076E+00    0.12285E+01    0.36571E+00   -0.48330E+00    0.12619E+01    0.51560E+01    0.22604E+00
        25   -0.15630E+00   -0.20699E+00    0.11303E+01    0.19787E+00   -0.50960E+00    0.11547E+01    0.38112E+01    0.17298E+00
        26   -0.13960E+00   -0.13807E+00    0.77454E+00    0.25645E+00   -0.16362E-01    0.22826E+01   -0.50552E+02    0.40593E-01
        27   -0.24600E+00   -0.18910E+00    0.83002E+00    0.37184E+00   -0.49078E-01    0.23970E+01   -0.19996E+02    0.14430E+00
        28   -0.11410E+00   -0.11568E+00    0.76552E+00    0.22480E+00   -0.12457E-01    0.22499E+01   -0.63344E+02    0.28635E-01
        29   -0.31450E+00   -0.23248E+00    0.12424E+01    0.23398E+00   -0.16044E+00    0.91370E+00    0.81281E+01    0.11901E+00
        30   -0.17230E+00   -0.17821E+00    0.10529E+01    0.13149E+00   -0.28233E+00    0.83180E+00    0.39634E+01    0.14087E+00
        31   -0.26870E+00   -0.26889E+00    0.11977E+01    0.15318E+00   -0.12858E+00    0.13803E+01    0.14678E+02    0.39663E-01
        32   -0.57740E+00   -0.61484E+00    0.21588E+01    0.91586E-02    0.14783E-01    0.49956E+01   -0.54203E+01    0.18585E-02
        33   -0.50810E+00   -0.46955E+00    0.22108E+01    0.17116E+00    0.11018E-01    0.21809E+01   -0.12566E+02    0.66672E-02
        34   -0.39760E+00   -0.40788E+00    0.17888E+01    0.22313E-01    0.20727E+00    0.23054E+01    0.53450E+00    0.21226E-01
        35   -0.33830E+00   -0.29972E+00    0.14073E+01    0.22564E+00   -0.20842E+01    0.88170E+00    0.20798E+02    0.88682E-02
        36   -0.64700E+00   -0.56880E+00    0.20823E+01    0.64810E-01    0.36770E+00    0.44292E+01    0.80953E+00    0.81076E-01
        37   -0.43320E+00   -0.48939E+00    0.24643E+01    0.16376E+00    0.12114E+01    0.16724E+01    0.37185E+00    0.13897E+00
        38   -0.39430E+00   -0.39212E+00    0.19467E+01    0.75690E-01    0.19680E+01    0.17208E+01    0.20061E+00    0.12178E+00
        39   -0.68740E+00   -0.73314E+00    0.17541E+01    0.10697E+02    0.17713E+02    0.16335E+01    0.66277E+01    0.10265E+00
        40   -0.41800E+00   -0.49574E+00    0.14738E+01    0.61389E+01    0.26838E+03    0.15158E+01    0.22001E+01    0.16734E+00
        41   -0.49870E+00   -0.55710E+00    0.21223E+01    0.28575E-01    0.15748E-01    0.38760E+01    0.50835E+00    0.96931E-02
        42   -0.46700E-01   -0.44972E-01    0.40419E+00    0.11733E-01   -0.69935E-02    0.77600E+00   -0.35929E+01    0.79424E-01
        43   -0.63130E+00   -0.56085E+00    0.20413E+01    0.10181E+00    0.19801E+00    0.44912E+01    0.83423E+00    0.10976E+00
