   -0.19726E-01
   -0.51974E-01
   -0.39438E-01
   -0.10146E-01
    0.28160E-01
   -0.41008E-01
    0.81950E-01
   -0.69000E-02
    0.13192E+00
    0.56710E-01
   -0.93000E-03
    0.59380E-01
   -0.74630E-01
    0.13880E-01
   -0.32440E-01
    0.38860E-01
    0.18000E-02
    0.66320E-01
   -0.88270E-01
   -0.36200E-02
   -0.13970E+00
    0.86400E-02
   -0.71970E-01
    0.65410E-01
    0.59610E-01
    0.74050E-01
   -0.16200E-01
   -0.51020E-01
   -0.12520E-01
   -0.42900E-02
   -0.11630E-01
    0.37080E-01
   -0.14350E-01
   -0.38190E-01
    0.47800E-02
   -0.28260E-01
    0.32440E-01
    0.23150E-01
    0.28850E-01
   -0.49390E-01
    0.32060E-01
   -0.29470E-02
   -0.35530E-01
