    0.98180E-01
    0.79630E-01
    0.60630E-01
    0.37537E-01
    0.10489E+00
   -0.84730E-02
   -0.25872E-01
   -0.16559E+00
    0.20210E+00
    0.51560E-01
    0.12790E-01
    0.35330E-01
   -0.11591E+00
   -0.68660E-01
   -0.11076E+00
   -0.49320E-01
   -0.61250E-01
    0.11660E+00
    0.71790E-01
   -0.24020E-01
   -0.11855E+00
   -0.34320E-01
   -0.94440E-01
    0.44640E-01
    0.78810E-01
    0.49360E-01
   -0.54346E-01
   -0.55250E-01
   -0.59686E-01
   -0.20630E-01
    0.26430E-01
    0.93700E-02
   -0.19730E-01
    0.26700E-02
   -0.34450E-01
   -0.47410E-01
   -0.89220E-01
    0.14445E+00
    0.38010E-01
   -0.50310E-01
    0.80360E-01
    0.25634E-01
   -0.62580E-01
