   -0.30082E-01
   -0.62704E-01
   -0.48722E-01
   -0.10978E-01
    0.39990E-01
   -0.47715E-01
    0.57070E-01
   -0.64000E-02
    0.11149E+00
    0.51880E-01
   -0.98800E-02
    0.74740E-01
    0.25910E-01
    0.10770E-01
    0.15000E-01
    0.31550E-01
   -0.10730E-01
    0.51640E-01
   -0.51680E-01
    0.14190E-01
   -0.24690E-01
   -0.13510E-01
   -0.78720E-01
    0.51510E-01
    0.55460E-01
    0.58240E-01
    0.12130E-01
   -0.34760E-01
    0.16910E-01
   -0.18430E-01
   -0.14500E-01
    0.20940E-01
   -0.20830E-01
   -0.47060E-01
   -0.17960E-01
   -0.25570E-01
    0.16020E-01
   -0.23660E-01
    0.10100E-02
   -0.58090E-01
    0.15040E-01
   -0.21024E-01
   -0.53830E-01
