    0.51830E-01
    0.16620E-01
    0.38210E-01
    0.34713E-01
    0.64600E-02
    0.33724E-01
   -0.11523E+00
   -0.48429E+00
    0.15204E+00
    0.90440E-01
    0.28760E-01
    0.99970E-01
   -0.39290E-01
   -0.52050E-01
   -0.19194E+00
   -0.97700E-02
    0.54780E-01
    0.66780E-01
   -0.29445E+00
    0.89800E-02
    0.11627E+00
    0.62790E-01
   -0.52570E-01
    0.78180E-01
    0.34400E-01
    0.94540E-01
   -0.92000E-03
   -0.89830E-01
    0.21730E-01
    0.72700E-02
   -0.28310E-01
    0.54140E-01
    0.33900E-02
   -0.22900E-02
    0.60860E-01
   -0.12000E-03
   -0.96010E-01
    0.23823E+00
    0.11394E+00
   -0.58860E-01
    0.64910E-01
   -0.24789E-01
   -0.93230E-01
