    0.44150E-02
   -0.29550E-01
   -0.10051E-01
    0.68870E-01
    0.12447E+00
    0.40866E-01
   -0.29868E-01
   -0.57000E-02
    0.12850E+00
    0.60360E-01
    0.12100E-02
    0.67960E-01
   -0.44640E-01
   -0.66960E-01
   -0.15829E+00
   -0.39050E-01
    0.34010E-01
    0.33290E-01
   -0.89600E-01
    0.11080E-01
   -0.12667E+00
    0.46960E-01
   -0.78390E-01
    0.45970E-01
    0.43660E-01
    0.54490E-01
    0.15400E-01
   -0.96400E-02
    0.20200E-01
   -0.27980E-01
   -0.37510E-01
    0.14830E-01
   -0.27310E-01
   -0.18960E-01
    0.48690E-01
   -0.28350E-01
   -0.85900E-01
    0.54030E-01
    0.82830E-01
   -0.18700E-01
    0.63860E-01
   -0.66971E-01
   -0.65890E-01
