    0.99600E-01    0.97052E+00   -0.25739E+00    0.95610E+00    0.42794E-03   -0.32659E-01   -0.17171E-03   -0.88968E-04    0.35051E-03   -0.12811E-03    0.40622E-03
    0.10572E+00    0.97685E+00   -0.25907E+00    0.96548E+00    0.11633E-02   -0.37446E-01   -0.46675E-03   -0.24184E-03    0.91773E-03   -0.34825E-03    0.11042E-02
    0.45200E-01    0.98420E+00   -0.26102E+00    0.97640E+00    0.15743E-03   -0.29234E-01   -0.63168E-04   -0.32729E-04    0.13495E-03   -0.47130E-04    0.14944E-03
   -0.46339E-01    0.76077E+00   -0.23151E+00    0.66356E+00    0.45421E-03   -0.33178E-01   -0.24500E-03   -0.10209E-03    0.48022E-03   -0.14700E-03    0.60696E-03
   -0.71890E-02    0.70308E+00   -0.21396E+00    0.58954E+00    0.12347E-02   -0.36452E-01   -0.66599E-03   -0.27750E-03    0.12904E-02   -0.39960E-03    0.16499E-02
   -0.12085E+00    0.79485E+00   -0.24188E+00    0.70864E+00    0.16709E-03   -0.30145E-01   -0.90132E-04   -0.37555E-04    0.17883E-03   -0.54079E-04    0.22329E-03
   -0.30900E-01    0.10462E+01   -0.13704E+00    0.10700E+01    0.60264E-04   -0.14887E-01   -0.27321E-04   -0.16166E-04    0.55744E-04   -0.24071E-04    0.88903E-04
   -0.44284E+00    0.37470E+03   -0.66911E+05   -0.72531E+04    0.33805E+02    0.86416E+03   -0.54293E+01   -0.32706E+01    0.15376E+02   -0.41864E+01    0.11655E+02
    0.13386E+00    0.43184E+02   -0.77114E+04   -0.28378E+03    0.45751E+01    0.19558E+03   -0.73477E+00   -0.44263E+00    0.23369E+01   -0.56657E+00    0.15773E+01
    0.12964E+00    0.93601E+00   -0.40110E+00    0.90556E+00    0.80558E-03   -0.51823E-01   -0.27313E-03   -0.14375E-03    0.63079E-03   -0.18400E-03    0.67925E-03
    0.94260E-01    0.94598E+00   -0.40538E+00    0.92008E+00    0.21898E-02   -0.59541E-01   -0.74245E-03   -0.39076E-03    0.16292E-02   -0.50018E-03    0.18464E-02
    0.10940E+00    0.96256E+00   -0.41248E+00    0.94437E+00    0.29636E-03   -0.46714E-01   -0.10048E-03   -0.52884E-04    0.24340E-03   -0.67691E-04    0.24988E-03
   -0.12876E+00    0.10477E+01    0.48966E+00    0.10723E+01   -0.38599E-03    0.53154E-01    0.74983E-04    0.57679E-04   -0.25399E-03    0.91709E-04   -0.25259E-03
    0.12610E-01    0.81956E+00   -0.33938E+00    0.74195E+00    0.94286E-03   -0.46860E-01   -0.30561E-03   -0.13891E-03    0.78695E-03   -0.18823E-03    0.69708E-03
   -0.12354E+00    0.74480E+00   -0.30842E+00    0.64277E+00    0.25630E-02   -0.51053E-01   -0.83073E-03   -0.37761E-03    0.19456E-02   -0.51166E-03    0.18949E-02
    0.10040E-01    0.83811E+00   -0.34706E+00    0.76727E+00    0.34686E-03   -0.42122E-01   -0.11243E-03   -0.51103E-04    0.29102E-03   -0.69245E-04    0.25644E-03
   -0.15217E+00    0.10836E+01    0.34660E+00    0.11279E+01   -0.22851E-03    0.36996E-01    0.50133E-04    0.39475E-04   -0.15229E-03    0.68607E-04   -0.16253E-03
    0.71150E-01    0.10357E+00   -0.17890E+00    0.33329E-01    0.22790E-02   -0.61768E-01   -0.33043E-03   -0.21318E-03    0.12944E-02   -0.27074E-03    0.91757E-03
   -0.10664E+00    0.18817E-01   -0.95956E-01    0.25812E-02    0.63957E+00   -0.17488E+00   -0.20174E+00   -0.93399E-01    0.36459E+00   -0.12983E+00    0.42383E+00
    0.26340E-01    0.52953E+00   -0.27003E+01    0.38534E+00    0.86557E-01   -0.61847E+00   -0.27303E-01   -0.12640E-01    0.59869E-01   -0.17570E-01    0.57359E-01
    0.18096E+00    0.80766E+00    0.59676E+00    0.72584E+00   -0.98096E-01    0.16601E+00    0.21653E-01    0.13533E-01   -0.49942E-01    0.19758E-01   -0.49301E-01
    0.66150E-01    0.96994E+00    0.71667E+00    0.95524E+00   -0.13276E-01    0.12128E+00    0.29304E-02    0.18315E-02   -0.86421E-02    0.26740E-02   -0.66722E-02
   -0.55900E-01    0.84745E+00   -0.48321E+00    0.78014E+00    0.51136E-03   -0.58322E-01   -0.15481E-03   -0.70367E-04    0.39446E-03   -0.94996E-04    0.36692E-03
    0.56270E-01    0.69510E+00   -0.46830E+00    0.57952E+00    0.41384E-02   -0.80242E-01   -0.13516E-02   -0.61435E-03    0.30058E-02   -0.84166E-03    0.24432E-02
    0.54150E-01    0.82074E+00   -0.55295E+00    0.74355E+00    0.56007E-03   -0.67817E-01   -0.18292E-03   -0.83143E-04    0.43367E-03   -0.11391E-03    0.33064E-03
    0.26170E-01    0.77434E+00   -0.32995E+00    0.68139E+00    0.77233E-03   -0.46870E-01   -0.31448E-03   -0.14294E-03    0.76959E-03   -0.19798E-03    0.79018E-03
   -0.23880E-01    0.69092E+00   -0.29441E+00    0.57431E+00    0.20994E-02   -0.50599E-01   -0.85484E-03   -0.38856E-03    0.20064E-02   -0.53816E-03    0.21479E-02
   -0.82000E-02    0.79905E+00   -0.34049E+00    0.71427E+00    0.28412E-03   -0.42322E-01   -0.11569E-03   -0.52586E-04    0.28465E-03   -0.72832E-04    0.29069E-03
    0.13040E-01    0.87847E+00   -0.49964E+00    0.82336E+00    0.12765E-02   -0.66635E-01   -0.43502E-03   -0.19080E-03    0.97798E-03   -0.25567E-03    0.76190E-03
   -0.25200E-01    0.79180E+00   -0.45035E+00    0.70457E+00    0.34699E-02   -0.72300E-01   -0.11825E-02   -0.51865E-03    0.23897E-02   -0.69498E-03    0.20711E-02
    0.19730E-01    0.87687E+00   -0.49873E+00    0.82111E+00    0.46960E-03   -0.59177E-01   -0.16004E-03   -0.70191E-04    0.36873E-03   -0.94056E-04    0.28029E-03
   -0.47830E-01    0.85810E+00   -0.56640E+00    0.79489E+00    0.56255E-03   -0.67938E-01   -0.17921E-03   -0.81459E-04    0.40525E-03   -0.10915E-03    0.37630E-03
   -0.21190E+00    0.99088E+00    0.43116E+00    0.98636E+00   -0.35265E-03    0.48126E-01    0.73030E-04    0.53698E-04   -0.19494E-03    0.86992E-04   -0.20445E-03
    0.12606E+00    0.84286E+00    0.47953E+00    0.77381E+00   -0.84991E-01    0.13058E+00    0.15630E-01    0.10420E-01   -0.42363E-01    0.15214E-01   -0.42846E-01
    0.77500E-01    0.97793E+00    0.55637E+00    0.96709E+00   -0.11502E-01    0.93769E-01    0.21153E-02    0.14102E-02   -0.73336E-02    0.20589E-02   -0.57986E-02
   -0.39990E-01    0.79839E+00   -0.16411E+01    0.71338E+00    0.18618E-02   -0.20407E+00   -0.48197E-03   -0.25367E-03    0.12691E-02   -0.34499E-03    0.12257E-02
    0.20096E+00    0.84910E+00    0.72641E+00    0.78241E+00   -0.15823E+00    0.19708E+00    0.25541E-01    0.15669E-01   -0.68664E-01    0.20997E-01   -0.44944E-01
    0.10025E+00    0.92712E+00    0.79316E+00    0.89270E+00   -0.21414E-01    0.13729E+00    0.34566E-02    0.21206E-02   -0.12033E-01    0.28416E-02   -0.60825E-02
   -0.53240E-01    0.11643E+03    0.44437E+04    0.12562E+04   -0.52945E+01    0.10296E+03    0.11884E+01    0.69907E+00   -0.30805E+01    0.97171E+00   -0.28008E+01
    0.22020E-01    0.39661E+02    0.15138E+04    0.24977E+03   -0.71653E+00    0.40062E+02    0.16084E+00    0.94609E-01   -0.49310E+00    0.13151E+00   -0.37904E+00
    0.82080E-01    0.98834E+00   -0.14824E+00    0.98255E+00    0.78403E-04   -0.16568E-01   -0.30541E-04   -0.18510E-04    0.70629E-04   -0.24803E-04    0.10832E-03
   -0.23781E+00    0.11071E+01    0.63716E+00    0.11649E+01   -0.50920E-03    0.67283E-01    0.94461E-04    0.71023E-04   -0.28703E-03    0.11364E-03   -0.20109E-03
