    0.18963E-01    0.42730E-02   -0.10109E-01   -0.17177E-01   -0.40571E-01    0.14070E-01   -0.44948E-03    0.32373E-01   -0.23401E-01   -0.14557E-01    0.10146E-01
   -0.19430E-01    0.42316E-02   -0.10011E-01   -0.14868E-01   -0.37597E-01    0.15941E-01   -0.44512E-03    0.32059E-01   -0.23198E-01   -0.14416E-01    0.96775E-02
    0.86760E-02    0.41842E-02   -0.98988E-02   -0.18913E-01   -0.41977E-01    0.12253E-01   -0.44014E-03    0.31701E-01   -0.22926E-01   -0.14254E-01    0.10397E-01
   -0.50190E-02    0.71431E-02   -0.17696E-01   -0.30711E-01   -0.88314E-01    0.28330E-01   -0.15883E-02    0.65888E-01   -0.50938E-01   -0.25482E-01    0.21659E-01
   -0.31652E-01    0.80399E-02   -0.19917E-01   -0.30213E-01   -0.93018E-01    0.36481E-01   -0.17878E-02    0.74160E-01   -0.57395E-01   -0.28681E-01    0.24098E-01
   -0.65910E-02    0.66886E-02   -0.16570E-01   -0.32335E-01   -0.87379E-01    0.23592E-01   -0.14873E-02    0.61696E-01   -0.47721E-01   -0.23861E-01    0.20530E-01
    0.15608E+00    0.38199E-03   -0.12430E-02   -0.17514E-02   -0.46157E-02    0.10441E-02   -0.10163E-05    0.34364E-02   -0.25208E-02   -0.18509E-02    0.80521E-03
    0.11200E-01   -0.22032E+03    0.47294E+03    0.46401E+03    0.10883E+04   -0.20286E+04    0.78069E+03   -0.14911E+04    0.78508E+03    0.60536E+03   -0.54535E+03
    0.17082E+00   -0.56311E+04    0.12088E+05    0.14824E+05    0.35953E+05   -0.41480E+05    0.19954E+05   -0.38110E+05    0.24079E+05    0.15472E+05   -0.15653E+05
    0.83570E-01    0.18390E-01   -0.45735E-01   -0.75065E-01   -0.18070E+00    0.73007E-01   -0.84243E-02    0.14200E+00   -0.10422E+00   -0.58541E-01    0.49383E-01
    0.17460E-01    0.18100E-01   -0.45013E-01   -0.64576E-01   -0.16642E+00    0.82208E-01   -0.82913E-02    0.13976E+00   -0.10269E+00   -0.57617E-01    0.46181E-01
    0.96950E-01    0.17635E-01   -0.43856E-01   -0.80937E-01   -0.18308E+00    0.62260E-01   -0.80781E-02    0.13616E+00   -0.99991E-01   -0.56135E-01    0.49669E-01
   -0.70000E-01   -0.21741E-01    0.73236E-01    0.10132E+00    0.20919E+00   -0.84951E-01    0.80888E+00   -0.15322E+00    0.11425E+00    0.11645E+00   -0.59487E-01
   -0.50350E-01    0.19072E-01   -0.43502E-01   -0.69991E-01   -0.19901E+00    0.97389E-01   -0.85537E-02    0.17394E+00   -0.11479E+00   -0.58945E-01    0.59445E-01
   -0.19799E+00    0.22014E-01   -0.50214E-01   -0.70615E-01   -0.21496E+00    0.12861E+00   -0.98734E-02    0.20078E+00   -0.13264E+00   -0.68039E-01    0.62409E-01
   -0.76800E-02    0.18442E-01   -0.42066E-01   -0.76103E-01   -0.20334E+00    0.83752E-01   -0.82713E-02    0.16820E+00   -0.11105E+00   -0.56999E-01    0.57784E-01
   -0.69700E-02   -0.70472E-02    0.22847E-01    0.40070E-01    0.63753E-01   -0.22395E-01    0.66124E+00   -0.38272E-01    0.34818E-01    0.39708E-01   -0.20612E-01
    0.38700E-01    0.35931E+02   -0.99777E+02   -0.15609E+03   -0.33981E+03    0.22044E+03   -0.86686E+02    0.26701E+03   -0.18558E+03   -0.12672E+03    0.12636E+03
   -0.32556E+00    0.11321E+05   -0.23784E+05   -0.28946E+05   -0.71219E+05    0.87948E+05   -0.42226E+05    0.80375E+05   -0.51374E+05   -0.33060E+05    0.28248E+05
   -0.17000E-03    0.75837E+02   -0.15932E+03   -0.24237E+03   -0.61661E+03    0.47131E+03   -0.28285E+03    0.53840E+03   -0.41296E+03   -0.22146E+03    0.22959E+03
    0.58440E-01   -0.15255E+00    0.34734E+00    0.32302E+00    0.77043E+00   -0.10071E+01    0.21511E+01   -0.10498E+01    0.55575E+00    0.50712E+00   -0.29802E+00
    0.32030E-01   -0.11592E+00    0.26393E+00    0.30681E+00    0.75664E+00   -0.61220E+00    0.16345E+01   -0.79772E+00    0.50674E+00    0.38534E+00   -0.28955E+00
   -0.49470E-01    0.45570E-01   -0.10801E+00   -0.20471E+00   -0.52211E+00    0.23024E+00   -0.41136E-01    0.39673E+00   -0.28515E+00   -0.14581E+00    0.15301E+00
    0.29860E-01    0.13269E+00   -0.23985E+00   -0.36873E+00   -0.10268E+01    0.60969E+00   -0.11960E+00    0.11070E+01   -0.63357E+00   -0.32860E+00    0.30945E+00
    0.95900E-01    0.10342E+00   -0.18694E+00   -0.36971E+00   -0.90365E+00    0.36938E+00   -0.93218E-01    0.86281E+00   -0.49352E+00   -0.25611E+00    0.25711E+00
   -0.48500E-02    0.20541E-01   -0.51612E-01   -0.83994E-01   -0.23611E+00    0.91978E-01   -0.10864E-01    0.18521E+00   -0.13619E+00   -0.71483E-01    0.67797E-01
   -0.95410E-01    0.24371E-01   -0.61236E-01   -0.87105E-01   -0.26215E+00    0.12485E+00   -0.12889E-01    0.21975E+00   -0.16176E+00   -0.84812E-01    0.77149E-01
    0.17840E-01    0.19595E-01   -0.49236E-01   -0.90098E-01   -0.23800E+00    0.78034E-01   -0.10363E-01    0.17669E+00   -0.12998E+00   -0.68192E-01    0.65026E-01
    0.14960E-01    0.55961E-01   -0.98010E-01   -0.19974E+00   -0.46468E+00    0.22414E+00   -0.38515E-01    0.41759E+00   -0.26802E+00   -0.13133E+00    0.15349E+00
   -0.30840E-01    0.65396E-01   -0.11454E+00   -0.20402E+00   -0.50815E+00    0.29967E+00   -0.45009E-01    0.48800E+00   -0.31355E+00   -0.15348E+00    0.16124E+00
    0.63920E-01    0.56114E-01   -0.98279E-01   -0.22521E+00   -0.49234E+00    0.19988E+00   -0.38620E-01    0.41874E+00   -0.26889E+00   -0.13169E+00    0.15774E+00
    0.67600E-02    0.78318E-01   -0.16445E+00   -0.36823E+00   -0.79493E+00    0.33313E+00   -0.79524E-01    0.57712E+00   -0.43415E+00   -0.22036E+00    0.24425E+00
   -0.59160E-01   -0.21937E-01    0.61414E-01    0.95787E-01    0.18352E+00   -0.73136E-01    0.83157E+00   -0.14346E+00    0.10023E+00    0.99490E-01   -0.46365E-01
    0.21570E-01   -0.57876E-01    0.15865E+00    0.12069E+00    0.32990E+00   -0.48525E+00    0.13800E+01   -0.45647E+00    0.23798E+00    0.23163E+00   -0.12267E+00
    0.26860E-01   -0.46309E-01    0.12694E+00    0.12071E+00    0.34118E+00   -0.31062E+00    0.11042E+01   -0.36525E+00    0.22850E+00    0.18534E+00   -0.12555E+00
   -0.73300E-02    0.25195E+01   -0.64073E+01   -0.12549E+02   -0.26749E+02    0.11913E+02   -0.74842E+01    0.18331E+02   -0.14609E+02   -0.87140E+01    0.83713E+01
    0.14812E+00   -0.27900E+00    0.49096E+00    0.47517E+00    0.11094E+01   -0.20203E+01    0.25756E+01   -0.18796E+01    0.80026E+00    0.65788E+00   -0.52056E+00
    0.57420E-01   -0.24453E+00    0.43030E+00    0.52058E+00    0.12567E+01   -0.14166E+01    0.22574E+01   -0.16474E+01    0.84168E+00    0.57661E+00   -0.59077E+00
   -0.97200E-01   -0.11048E+02    0.26036E+02    0.22185E+02    0.61359E+02   -0.83804E+02    0.45436E+02   -0.88164E+02    0.44261E+02    0.36190E+02   -0.24440E+02
   -0.12360E-01   -0.55564E+02    0.13095E+03    0.13947E+03    0.39887E+03   -0.33719E+03    0.22852E+03   -0.44342E+03    0.26713E+03    0.18202E+03   -0.14539E+03
    0.46819E-01    0.58681E-03   -0.20813E-02   -0.27429E-02   -0.75455E-02    0.19394E-02   -0.43680E-05    0.55100E-02   -0.41209E-02   -0.27889E-02    0.13955E-02
   -0.14491E+00   -0.57793E-01    0.12303E+00    0.17941E+00    0.35953E+00   -0.15642E+00    0.93001E+00   -0.39532E+00    0.19635E+00    0.19685E+00   -0.96675E-01
