    0.99600E-01
    0.10572E+00
    0.45200E-01
   -0.46339E-01
   -0.71890E-02
   -0.12085E+00
   -0.30900E-01
   -0.44284E+00
    0.13386E+00
    0.12964E+00
    0.94260E-01
    0.10940E+00
   -0.12876E+00
    0.12610E-01
   -0.12354E+00
    0.10040E-01
   -0.15217E+00
    0.71150E-01
   -0.10664E+00
    0.26340E-01
    0.18096E+00
    0.66150E-01
   -0.55900E-01
    0.56270E-01
    0.54150E-01
    0.26170E-01
   -0.23880E-01
   -0.82000E-02
    0.13040E-01
   -0.25200E-01
    0.19730E-01
   -0.47830E-01
   -0.21190E+00
    0.12606E+00
    0.77500E-01
   -0.39990E-01
    0.20096E+00
    0.10025E+00
   -0.53240E-01
    0.22020E-01
    0.82080E-01
   -0.23781E+00
