    0.18963E-01
   -0.19430E-01
    0.86760E-02
   -0.50190E-02
   -0.31652E-01
   -0.65910E-02
    0.15608E+00
    0.11200E-01
    0.17082E+00
    0.83570E-01
    0.17460E-01
    0.96950E-01
   -0.70000E-01
   -0.50350E-01
   -0.19799E+00
   -0.76800E-02
   -0.69700E-02
    0.38700E-01
   -0.32556E+00
   -0.17000E-03
    0.58440E-01
    0.32030E-01
   -0.49470E-01
    0.29860E-01
    0.95900E-01
   -0.48500E-02
   -0.95410E-01
    0.17840E-01
    0.14960E-01
   -0.30840E-01
    0.63920E-01
    0.67600E-02
   -0.59160E-01
    0.21570E-01
    0.26860E-01
   -0.73300E-02
    0.14812E+00
    0.57420E-01
   -0.97200E-01
   -0.12360E-01
    0.46819E-01
   -0.14491E+00
