    0.18187E-01
   -0.20460E-01
    0.82450E-02
   -0.49690E-02
   -0.31815E-01
   -0.63900E-02
    0.15206E+00
    0.30100E-01
    0.64200E-02
    0.80340E-01
    0.13860E-01
    0.94090E-01
   -0.78830E-01
   -0.53600E-01
   -0.20203E+00
   -0.10880E-01
   -0.17030E-01
    0.31220E-01
    0.35200E-02
   -0.48000E-02
    0.47940E-01
    0.23920E-01
   -0.53870E-01
    0.24770E-01
    0.91410E-01
   -0.66400E-02
   -0.97580E-01
    0.16110E-01
    0.10650E-01
   -0.36060E-01
    0.59800E-01
    0.17300E-02
   -0.69770E-01
    0.10670E-01
    0.18400E-01
   -0.13600E-01
    0.13602E+00
    0.48320E-01
   -0.94230E-01
   -0.16450E-01
    0.46009E-01
   -0.15478E+00
