    0.96070E-02
   -0.28876E-01
   -0.54900E-03
    0.20438E-01
   -0.62860E-02
    0.18929E-01
    0.35670E-01
    0.33600E-01
   -0.52390E-01
    0.52520E-01
   -0.13730E-01
    0.66040E-01
   -0.25610E-01
    0.89000E-02
   -0.13905E+00
    0.51590E-01
   -0.29830E-01
    0.77740E-01
   -0.23920E-01
   -0.64780E-01
    0.16230E-01
   -0.92500E-02
    0.65400E-02
    0.21070E-01
    0.87360E-01
    0.22860E-01
   -0.67870E-01
    0.45570E-01
   -0.30400E-02
   -0.49200E-01
    0.45990E-01
    0.10940E-01
    0.13180E-01
    0.18510E-01
    0.24730E-01
   -0.14920E-01
    0.10336E+00
    0.13790E-01
   -0.83260E-01
   -0.17530E-01
   -0.78242E-01
   -0.96790E-01
