    0.65330E-02
    0.80000E-04
   -0.40517E-01
    0.27754E-01
    0.11670E-01
    0.22246E-01
    0.64330E-01
    0.37000E-01
   -0.42730E-01
    0.58700E-01
    0.29300E-02
    0.62470E-01
   -0.49630E-01
   -0.33840E-01
   -0.41800E-01
    0.45300E-02
    0.32700E-02
    0.38680E-01
   -0.19280E-01
   -0.62530E-01
    0.18500E-01
   -0.78400E-02
   -0.51560E-01
    0.33100E-02
    0.60580E-01
    0.24050E-01
    0.23030E-01
    0.37860E-01
   -0.24520E-01
   -0.60490E-01
    0.23690E-01
   -0.18580E-01
    0.32210E-01
   -0.14400E-02
    0.52100E-02
   -0.44630E-01
    0.12052E+00
    0.23790E-01
   -0.91510E-01
   -0.37710E-01
   -0.48784E-01
   -0.35590E-01
