    0.55040E-01
    0.19910E-01
    0.41330E-01
    0.37776E-01
    0.95600E-02
    0.36758E-01
   -0.11284E+00
   -0.47872E+00
    0.15722E+00
    0.94060E-01
    0.32480E-01
    0.10349E+00
   -0.34330E-01
   -0.48470E-01
   -0.18816E+00
    0.60170E-01
    0.71600E-01
   -0.28961E+00
    0.13300E-01
    0.12173E+00
    0.67590E-01
   -0.48750E-01
    0.82030E-01
    0.98390E-01
    0.23600E-02
   -0.86460E-01
    0.25000E-01
    0.11050E-01
   -0.24290E-01
    0.57870E-01
    0.73500E-02
    0.32000E-02
    0.88980E-01
    0.65760E-01
    0.41700E-02
   -0.90640E-01
    0.24421E+00
    0.11909E+00
   -0.23504E+00
   -0.54460E-01
    0.70330E-01
   -0.22094E-01
   -0.87930E-01
