   -0.36844E-01
   -0.69236E-01
   -0.58429E-01
    0.32500E-02
    0.72060E-01
   -0.41050E-01
    0.74660E-01
   -0.90000E-02
    0.17008E+00
    0.57760E-01
    0.14600E-02
    0.56900E-01
   -0.47520E-01
   -0.40950E-01
   -0.11337E+00
    0.38430E-01
    0.11233E+00
   -0.11081E+00
    0.22690E-01
   -0.74360E-01
    0.27690E-01
   -0.59120E-01
    0.81560E-01
    0.86900E-01
   -0.18700E-02
   -0.11200E-01
   -0.67200E-02
    0.85000E-02
    0.16810E-01
    0.47030E-01
   -0.65000E-03
   -0.26920E-01
   -0.11603E+00
    0.26650E-01
   -0.10010E-01
   -0.12261E+00
    0.85280E-01
    0.49090E-01
   -0.12030E-01
   -0.59600E-02
    0.51120E-01
   -0.99110E-02
   -0.10567E+00
