    0.93170E-01
    0.75630E-01
    0.53470E-01
    0.45230E-01
    0.12973E+00
   -0.81920E-02
   -0.40124E-01
   -0.23922E+00
    0.20625E+00
    0.47220E-01
    0.10120E-01
    0.28400E-01
   -0.11748E+00
   -0.66820E-01
   -0.95540E-01
   -0.59830E-01
    0.12626E+00
   -0.42650E-01
   -0.23600E-01
   -0.25950E-01
   -0.40180E-01
   -0.97190E-01
    0.43740E-01
    0.46660E-01
   -0.52236E-01
   -0.38580E-01
   -0.62218E-01
   -0.22840E-01
    0.33940E-01
    0.54600E-02
   -0.22370E-01
    0.29000E-02
   -0.64230E-01
   -0.39830E-01
   -0.50910E-01
   -0.87690E-01
    0.20968E+00
    0.31710E-01
    0.11128E+00
   -0.40890E-01
    0.79850E-01
    0.17656E-01
   -0.59770E-01
