   -0.13619E-01
   -0.43407E-01
   -0.41482E-01
    0.68260E-02
    0.76180E-01
   -0.37039E-01
    0.68760E-01
   -0.50000E-02
    0.96120E-01
    0.83300E-01
    0.35480E-01
    0.73000E-01
   -0.22910E-01
   -0.33820E-01
   -0.77380E-01
    0.63260E-01
    0.39780E-01
   -0.92680E-01
   -0.18780E-01
   -0.37860E-01
    0.37000E-03
   -0.58510E-01
    0.50310E-01
    0.54390E-01
    0.99200E-02
    0.12780E-01
    0.30900E-02
   -0.18910E-01
    0.23220E-01
    0.10110E-01
    0.96000E-03
    0.39760E-01
   -0.83550E-01
   -0.19620E-01
   -0.25690E-01
   -0.96790E-01
    0.92760E-01
   -0.64210E-01
    0.27900E-02
   -0.48660E-01
    0.11124E+00
   -0.48906E-01
   -0.65620E-01
