    0.54780E-02
   -0.23292E-01
   -0.23691E-01
   -0.18504E-01
    0.20140E-01
   -0.48685E-01
    0.88000E-01
   -0.13000E-02
    0.64180E-01
    0.71450E-01
    0.27110E-01
    0.59010E-01
   -0.28750E-01
   -0.25920E-01
   -0.75230E-01
   -0.35940E-01
   -0.22200E-01
    0.10980E-01
   -0.77400E-02
   -0.23460E-01
    0.29920E-01
   -0.38870E-01
    0.56220E-01
    0.63080E-01
    0.13180E-01
   -0.31300E-02
    0.14020E-01
   -0.17080E-01
    0.29460E-01
    0.94000E-02
    0.22380E-01
    0.47520E-01
   -0.71510E-01
    0.23800E-02
    0.25000E-02
   -0.41920E-01
    0.11298E+00
   -0.65820E-01
    0.59900E-02
   -0.53610E-01
   -0.67000E-03
   -0.60322E-01
   -0.67790E-01
