        Rank     LS_RMSE    LS_MaxAE  Feature_ID
           1    0.052572    0.143089  (       2      13      30      32)
           2    0.052641    0.135042  (       4      13      30      31)
           3    0.052647    0.135138  (       4      13      25      31)
           4    0.052671    0.135117  (       4      13      29      31)
           5    0.052680    0.135167  (       4      13      26      31)
           6    0.052688    0.135168  (       4      13      27      31)
           7    0.052705    0.143241  (       2      13      29      32)
           8    0.052712    0.143296  (       2      13      25      32)
           9    0.052748    0.143289  (       2      13      26      32)
          10    0.052759    0.135341  (       4      13      21      31)
          11    0.052777    0.143325  (       2      13      27      32)
          12    0.052807    0.135420  (       4      13      24      31)
          13    0.052809    0.135385  (       4      13      23      31)
          14    0.052832    0.135430  (       4      13      22      31)
          15    0.053028    0.135754  (       4      13      28      31)
          16    0.053043    0.146046  (       8      13      30      32)
          17    0.053064    0.143659  (       2      13      21      32)
          18    0.053179    0.146201  (       8      13      29      32)
          19    0.053184    0.143768  (       2      13      23      32)
          20    0.053189    0.146258  (       8      13      25      32)
          21    0.053215    0.143815  (       2      13      24      32)
          22    0.053227    0.146250  (       8      13      26      32)
          23    0.053256    0.146287  (       8      13      27      32)
          24    0.053277    0.143880  (       2      13      22      32)
          25    0.053555    0.146628  (       8      13      21      32)
          26    0.053585    0.111035  (       3      13      30      32)
          27    0.053678    0.146740  (       8      13      23      32)
          28    0.053700    0.110776  (       3      13      29      32)
          29    0.053710    0.146788  (       8      13      24      32)
          30    0.053735    0.110684  (       3      13      26      32)
          31    0.053740    0.110740  (       3      13      25      32)
          32    0.053764    0.110636  (       3      13      27      32)
          33    0.053773    0.146855  (       8      13      22      32)
          34    0.053826    0.144430  (       2      13      28      32)
          35    0.054031    0.110090  (       3      13      21      32)
          36    0.054081    0.135026  (       2      13      30      31)
          37    0.054089    0.135452  (       2      13      25      31)
          38    0.054113    0.135343  (       2      13      29      31)
          39    0.054124    0.135533  (       2      13      26      31)
          40    0.054124    0.109878  (       3      13      23      32)
          41    0.054130    0.135558  (       2      13      27      31)
          42    0.054163    0.109821  (       3      13      24      32)
          43    0.054203    0.136314  (       2      13      21      31)
          44    0.054221    0.109699  (       3      13      22      32)
          45    0.054251    0.136650  (       2      13      24      31)
          46    0.054251    0.136532  (       2      13      23      31)
          47    0.054273    0.136740  (       2      13      22      31)
          48    0.054345    0.147415  (       8      13      28      32)
          49    0.054474    0.138101  (       2      13      28      31)
          50    0.054713    0.108785  (       3      13      28      32)
          51    0.054993    0.136977  (       8      13      30      31)
          52    0.055004    0.137408  (       8      13      25      31)
          53    0.055026    0.137298  (       8      13      29      31)
          54    0.055041    0.137488  (       8      13      26      31)
          55    0.055046    0.137515  (       8      13      27      31)
          56    0.055125    0.138279  (       8      13      21      31)
          57    0.055174    0.138499  (       8      13      23      31)
          58    0.055175    0.138619  (       8      13      24      31)
          59    0.055197    0.138711  (       8      13      22      31)
          60    0.055410    0.140084  (       8      13      28      31)
          61    0.055555    0.136098  (       4      13      25      34)
          62    0.055560    0.136006  (       4      13      30      34)
          63    0.055582    0.136079  (       4      13      29      34)
          64    0.055583    0.136126  (       4      13      26      34)
          65    0.055591    0.136128  (       4      13      27      34)
          66    0.055597    0.136292  (       4      13      25      33)
          67    0.055602    0.136200  (       4      13      30      33)
          68    0.055624    0.136273  (       4      13      29      33)
          69    0.055625    0.136319  (       4      13      26      33)
          70    0.055633    0.136321  (       4      13      27      33)
          71    0.055638    0.136294  (       4      13      21      34)
          72    0.055676    0.136372  (       4      13      24      34)
          73    0.055680    0.136487  (       4      13      21      33)
          74    0.055682    0.136338  (       4      13      23      34)
          75    0.055699    0.136381  (       4      13      22      34)
          76    0.055718    0.136565  (       4      13      24      33)
          77    0.055724    0.136531  (       4      13      23      33)
          78    0.055741    0.136575  (       4      13      22      33)
          79    0.055849    0.136694  (       4      13      28      34)
          80    0.055891    0.136887  (       4      13      28      33)
          81    0.055922    0.141784  (       2      13      25      33)
          82    0.055926    0.141374  (       2      13      30      33)
          83    0.055950    0.141680  (       2      13      29      33)
          84    0.055953    0.141861  (       2      13      26      33)
          85    0.055961    0.141887  (       2      13      27      33)
          86    0.055974    0.141957  (       2      13      25      34)
          87    0.055978    0.141547  (       2      13      30      34)
          88    0.056002    0.141853  (       2      13      29      34)
          89    0.056005    0.142034  (       2      13      26      34)
          90    0.056012    0.142616  (       2      13      21      33)
          91    0.056013    0.142060  (       2      13      27      34)
          92    0.056052    0.142942  (       2      13      24      33)
          93    0.056056    0.142829  (       2      13      23      33)
          94    0.056063    0.142789  (       2      13      21      34)
          95    0.056073    0.143032  (       2      13      22      33)
          96    0.056103    0.143114  (       2      13      24      34)
          97    0.056107    0.143002  (       2      13      23      34)
          98    0.056124    0.143204  (       2      13      22      34)
          99    0.056233    0.144346  (       2      13      28      33)
         100    0.056284    0.144517  (       2      13      28      34)
