        Rank     LS_RMSE    LS_MaxAE  Feature_ID
           1    0.069525    0.201295  (       2      13      25)
           2    0.069528    0.201147  (       2      13      21)
           3    0.069532    0.201089  (       2      13      24)
           4    0.069542    0.201083  (       2      13      22)
           5    0.069543    0.201272  (       2      13      26)
           6    0.069545    0.201114  (       2      13      23)
           7    0.069547    0.201271  (       2      13      27)
           8    0.069555    0.201308  (       2      13      29)
           9    0.069562    0.200847  (       2      13      28)
          10    0.069562    0.201361  (       2      13      30)
          11    0.070249    0.202251  (       4      13      21)
          12    0.070251    0.202195  (       4      13      24)
          13    0.070253    0.202393  (       4      13      25)
          14    0.070264    0.202189  (       4      13      22)
          15    0.070267    0.202219  (       4      13      23)
          16    0.070268    0.202371  (       4      13      26)
          17    0.070272    0.202370  (       4      13      27)
          18    0.070273    0.201961  (       4      13      28)
          19    0.070282    0.202406  (       4      13      29)
          20    0.070291    0.202458  (       4      13      30)
          21    0.070691    0.206118  (       8      13      25)
          22    0.070699    0.205976  (       8      13      21)
          23    0.070704    0.205920  (       8      13      24)
          24    0.070711    0.206095  (       8      13      26)
          25    0.070713    0.206094  (       8      13      27)
          26    0.070714    0.205915  (       8      13      22)
          27    0.070717    0.205944  (       8      13      23)
          28    0.070719    0.206130  (       8      13      29)
          29    0.070726    0.206182  (       8      13      30)
          30    0.070744    0.205686  (       8      13      28)
          31    0.070922    0.216920  (       1      13      15)
          32    0.071057    0.216481  (       1      13      18)
          33    0.076503    0.186506  (       1      12      15)
          34    0.076592    0.186159  (       1      12      18)
          35    0.078206    0.203868  (       1      11      15)
          36    0.078282    0.203493  (       1      11      18)
          37    0.078634    0.200647  (       1      14      15)
          38    0.078716    0.200251  (       1      14      18)
          39    0.079938    0.247674  (       3      13      28)
          40    0.079974    0.296042  (       4      13      20)
          41    0.079974    0.296042  (       4      13      19)
          42    0.080003    0.248353  (       3      13      24)
          43    0.080006    0.248316  (       3      13      22)
          44    0.080013    0.248410  (       3      13      23)
          45    0.080025    0.248511  (       3      13      21)
          46    0.080079    0.248869  (       3      13      26)
          47    0.080079    0.248858  (       3      13      27)
          48    0.080093    0.248914  (       3      13      25)
          49    0.080099    0.248957  (       3      13      29)
          50    0.080128    0.249104  (       3      13      30)
          51    0.080777    0.329923  (       3      13      18)
          52    0.080778    0.330363  (       3      13      15)
          53    0.081349    0.249607  (       4       6      13)
          54    0.081712    0.264546  (       4       7      13)
          55    0.081935    0.249857  (       4       5      13)
          56    0.082892    0.309033  (       8      13      20)
          57    0.082895    0.309038  (       8      13      19)
          58    0.083029    0.307139  (       2      13      20)
          59    0.083032    0.307145  (       2      13      19)
          60    0.083629    0.298892  (       2      12      28)
          61    0.083647    0.299432  (       2      12      22)
          62    0.083660    0.299537  (       2      12      23)
          63    0.083669    0.299629  (       2      12      24)
          64    0.083670    0.299740  (       2      12      21)
          65    0.083710    0.300186  (       2      12      25)
          66    0.083711    0.300092  (       2      12      26)
          67    0.083716    0.300097  (       2      12      27)
          68    0.083729    0.300189  (       2      12      29)
          69    0.083739    0.300288  (       2      12      30)
          70    0.083774    0.294014  (       4      12      28)
          71    0.083802    0.294562  (       4      12      22)
          72    0.083816    0.294668  (       4      12      23)
          73    0.083822    0.294757  (       4      12      24)
          74    0.083825    0.294869  (       4      12      21)
          75    0.083836    0.202150  (       7      13      29)
          76    0.083837    0.202277  (       7      13      30)
          77    0.083843    0.202064  (       7      13      27)
          78    0.083847    0.202113  (       7      13      25)
          79    0.083850    0.202074  (       7      13      26)
          80    0.083855    0.290768  (       2      13      16)
          81    0.083855    0.290771  (       2      13      17)
          82    0.083864    0.201669  (       7      13      23)
          83    0.083864    0.201761  (       7      13      21)
          84    0.083868    0.201622  (       7      13      24)
          85    0.083869    0.201585  (       7      13      22)
          86    0.083869    0.295318  (       4      12      25)
          87    0.083870    0.295225  (       4      12      26)
          88    0.083874    0.295229  (       4      12      27)
          89    0.083890    0.295322  (       4      12      29)
          90    0.083901    0.295423  (       4      12      30)
          91    0.083927    0.201024  (       7      13      28)
          92    0.083958    0.285428  (       4      13      16)
          93    0.083958    0.285430  (       4      13      17)
          94    0.084271    0.239385  (       1      11      20)
          95    0.084272    0.239349  (       1      11      19)
          96    0.084476    0.292925  (       8      13      16)
          97    0.084477    0.292928  (       8      13      17)
          98    0.084700    0.266673  (       7      13      15)
          99    0.084718    0.266375  (       7      13      18)
         100    0.085115    0.306184  (       8      12      28)
