        Rank     LS_RMSE    LS_MaxAE  Feature_ID
           1    0.089863    0.328079  (       2      13)
           2    0.090018    0.323266  (       4      13)
           3    0.091165    0.332781  (       8      13)
           4    0.092360    0.225168  (       7      13)
           5    0.095434    0.286272  (       3      13)
           6    0.097034    0.205148  (       7      12)
           7    0.097063    0.244227  (       5      13)
           8    0.097362    0.245851  (       6      13)
           9    0.097776    0.298088  (      10      20)
          10    0.097779    0.298092  (      10      19)
          11    0.098544    0.310663  (       9      20)
          12    0.098547    0.310668  (       9      19)
          13    0.098832    0.229477  (       7      11)
          14    0.098990    0.224395  (       7      14)
          15    0.099497    0.270012  (       3      12)
          16    0.100057    0.308841  (       4      12)
          17    0.100131    0.232348  (       5      12)
          18    0.100276    0.313896  (       2      12)
          19    0.100440    0.264127  (       3      11)
          20    0.100524    0.233990  (       6      12)
          21    0.100998    0.279081  (       1      13)
          22    0.101365    0.258186  (       3      14)
          23    0.101459    0.229831  (       5      14)
          24    0.101660    0.227673  (       5      11)
          25    0.101850    0.318693  (       8      12)
          26    0.101871    0.231483  (       6      14)
          27    0.102112    0.229325  (       6      11)
          28    0.102309    0.327165  (       4      11)
          29    0.102508    0.269858  (       1      12)
          30    0.102561    0.331498  (       2      11)
          31    0.102638    0.321577  (       4      14)
          32    0.102826    0.326045  (       2      14)
          33    0.102852    0.266160  (       1      11)
          34    0.103636    0.357812  (       1      16)
          35    0.103638    0.357821  (       1      17)
          36    0.103651    0.267895  (       1      14)
          37    0.104214    0.339394  (       8      11)
          38    0.104234    0.283343  (      10      16)
          39    0.104234    0.387038  (       1      20)
          40    0.104235    0.387037  (       1      19)
          41    0.104236    0.283353  (      10      17)
          42    0.104443    0.333910  (       8      14)
          43    0.105226    0.470693  (       1      15)
          44    0.105260    0.470437  (       1      18)
          45    0.105488    0.298213  (       9      16)
          46    0.105490    0.298222  (       9      17)
          47    0.105533    0.218540  (       9      13)
          48    0.106579    0.226320  (      10      13)
          49    0.109546    0.447041  (       3      20)
          50    0.109546    0.447041  (       3      19)
          51    0.109987    0.226059  (       9      12)
          52    0.110006    0.452907  (       4      20)
          53    0.110006    0.452906  (       4      19)
          54    0.110590    0.233604  (      10      12)
          55    0.110643    0.427679  (       3      16)
          56    0.110644    0.427683  (       3      17)
          57    0.110878    0.234955  (       9      11)
          58    0.110996    0.451666  (       4       6)
          59    0.111151    0.394978  (       6       9)
          60    0.111185    0.229886  (       9      14)
          61    0.111342    0.390400  (       6      10)
          62    0.111417    0.242585  (      10      11)
          63    0.111421    0.451649  (       4       5)
          64    0.111663    0.237547  (      10      14)
          65    0.111754    0.429874  (       2      16)
          66    0.111755    0.429877  (       2      17)
          67    0.111770    0.396333  (       5       9)
          68    0.111938    0.391812  (       5      10)
          69    0.112153    0.437037  (       4      16)
          70    0.112153    0.437039  (       4      17)
          71    0.112548    0.432026  (       8      16)
          72    0.112549    0.432030  (       8      17)
          73    0.112858    0.416269  (       7      10)
          74    0.113088    0.453432  (       2      20)
          75    0.113091    0.453438  (       2      19)
          76    0.113158    0.454971  (       8      20)
          77    0.113161    0.454977  (       8      19)
          78    0.113166    0.421892  (       7       9)
          79    0.113240    0.428493  (       1       6)
          80    0.113473    0.428554  (       1       5)
          81    0.113537    0.440846  (       1       4)
          82    0.113911    0.438731  (       1       2)
          83    0.114048    0.478756  (       4       7)
          84    0.114048    0.418479  (       5      16)
          85    0.114049    0.418483  (       5      17)
          86    0.114229    0.455503  (       3       6)
          87    0.114462    0.455159  (       3       5)
          88    0.114853    0.439624  (       5      20)
          89    0.114854    0.439626  (       5      19)
          90    0.114935    0.440487  (       1       8)
          91    0.115095    0.452524  (       1       7)
          92    0.115256    0.410944  (      10      18)
          93    0.115323    0.423411  (       6      16)
          94    0.115324    0.423415  (       6      17)
          95    0.115531    0.410922  (      10      15)
          96    0.115670    0.412190  (       2      10)
          97    0.116232    0.418315  (       2       9)
          98    0.116319    0.458187  (       2       5)
          99    0.116327    0.416363  (       4      10)
         100    0.116363    0.419334  (       9      18)
