        Rank     LS_RMSE    LS_MaxAE  Feature_ID
           1    0.044592    0.105637  (       2      13      30      32      41)
           2    0.044715    0.105861  (       2      13      30      32      42)
           3    0.044757    0.106120  (       2      13      29      32      41)
           4    0.044768    0.106283  (       2      13      25      32      41)
           5    0.044812    0.106371  (       2      13      26      32      41)
           6    0.044849    0.106430  (       2      13      27      32      41)
           7    0.044880    0.106343  (       2      13      29      32      42)
           8    0.044891    0.106506  (       2      13      25      32      42)
           9    0.044933    0.106964  (       8      13      30      32      41)
          10    0.044935    0.106594  (       2      13      26      32      42)
          11    0.044971    0.106653  (       2      13      27      32      42)
          12    0.045046    0.107190  (       8      13      30      32      42)
          13    0.045102    0.107449  (       8      13      29      32      41)
          14    0.045116    0.107612  (       8      13      25      32      41)
          15    0.045163    0.107698  (       8      13      26      32      41)
          16    0.045198    0.107759  (       8      13      27      32      41)
          17    0.045209    0.107546  (       2      13      21      32      41)
          18    0.045215    0.107675  (       8      13      29      32      42)
          19    0.045228    0.107837  (       8      13      25      32      42)
          20    0.045276    0.107924  (       8      13      26      32      42)
          21    0.045311    0.107984  (       8      13      27      32      42)
          22    0.045330    0.107768  (       2      13      21      32      42)
          23    0.045362    0.107884  (       2      13      23      32      41)
          24    0.045396    0.108051  (       2      13      24      32      41)
          25    0.045477    0.108207  (       2      13      22      32      41)
          26    0.045482    0.108105  (       2      13      23      32      42)
          27    0.045516    0.108272  (       2      13      24      32      42)
          28    0.045572    0.108877  (       8      13      21      32      41)
          29    0.045597    0.108428  (       2      13      22      32      42)
          30    0.045683    0.109101  (       8      13      21      32      42)
          31    0.045717    0.141773  (       2      13      30      32      46)
          32    0.045728    0.109216  (       8      13      23      32      41)
          33    0.045764    0.109383  (       8      13      24      32      41)
          34    0.045838    0.109440  (       8      13      23      32      42)
          35    0.045846    0.109540  (       8      13      22      32      41)
          36    0.045874    0.109607  (       8      13      24      32      42)
          37    0.045898    0.141909  (       2      13      29      32      46)
          38    0.045919    0.120942  (       4       6      13      30      31)
          39    0.045943    0.121276  (       4       6      13      25      31)
          40    0.045944    0.121199  (       4       6      13      29      31)
          41    0.045948    0.141961  (       2      13      25      32      46)
          42    0.045956    0.109764  (       8      13      22      32      42)
          43    0.045967    0.121371  (       4       6      13      27      31)
          44    0.045970    0.121347  (       4       6      13      26      31)
          45    0.045982    0.141954  (       2      13      26      32      46)
          46    0.046010    0.141985  (       2      13      27      32      46)
          47    0.046046    0.121977  (       4       6      13      21      31)
          48    0.046079    0.122160  (       4       6      13      23      31)
          49    0.046085    0.122253  (       4       6      13      24      31)
          50    0.046099    0.122329  (       4       6      13      22      31)
          51    0.046113    0.145685  (       2      13      30      32      50)
          52    0.046158    0.110156  (       2      13      28      32      41)
          53    0.046276    0.110375  (       2      13      28      32      42)
          54    0.046294    0.145815  (       2      13      29      32      50)
          55    0.046302    0.123432  (       4       6      13      28      31)
          56    0.046339    0.145859  (       2      13      25      32      50)
          57    0.046374    0.145853  (       2      13      26      32      50)
          58    0.046404    0.145886  (       2      13      27      32      50)
          59    0.046432    0.142284  (       2      13      21      32      46)
          60    0.046532    0.120383  (       4       5      13      30      31)
          61    0.046553    0.111490  (       8      13      28      32      41)
          62    0.046555    0.120718  (       4       5      13      25      31)
          63    0.046556    0.120641  (       4       5      13      29      31)
          64    0.046578    0.142381  (       2      13      23      32      46)
          65    0.046579    0.120814  (       4       5      13      27      31)
          66    0.046583    0.120790  (       4       5      13      26      31)
          67    0.046629    0.142423  (       2      13      24      32      46)
          68    0.046633    0.104538  (       2      13      30      32      44)
          69    0.046656    0.121422  (       4       5      13      21      31)
          70    0.046660    0.111712  (       8      13      28      32      42)
          71    0.046687    0.121606  (       4       5      13      23      31)
          72    0.046694    0.121699  (       4       5      13      24      31)
          73    0.046705    0.111142  (       2      13      30      32      43)
          74    0.046706    0.121776  (       4       5      13      22      31)
          75    0.046708    0.142480  (       2      13      22      32      46)
          76    0.046758    0.144279  (       8      13      30      32      46)
          77    0.046785    0.105006  (       2      13      29      32      44)
          78    0.046789    0.111490  (       4      13      20      25      31)
          79    0.046789    0.111467  (       4      13      19      25      31)
          80    0.046794    0.111423  (       4      13      20      30      31)
          81    0.046794    0.111400  (       4      13      19      30      31)
          82    0.046798    0.105171  (       2      13      25      32      44)
          83    0.046806    0.111481  (       4      13      20      26      31)
          84    0.046806    0.111457  (       4      13      19      26      31)
          85    0.046818    0.111474  (       4      13      20      29      31)
          86    0.046818    0.111451  (       4      13      19      29      31)
          87    0.046821    0.146168  (       2      13      21      32      50)
          88    0.046822    0.111496  (       4      13      20      27      31)
          89    0.046822    0.111472  (       4      13      19      27      31)
          90    0.046837    0.105253  (       2      13      26      32      44)
          91    0.046853    0.111610  (       2      13      29      32      43)
          92    0.046862    0.111769  (       2      13      25      32      43)
          93    0.046863    0.111587  (       4      13      20      21      31)
          94    0.046863    0.111564  (       4      13      19      21      31)
          95    0.046870    0.105309  (       2      13      27      32      44)
          96    0.046885    0.107632  (       2      13      30      32      45)
          97    0.046902    0.111854  (       2      13      26      32      43)
          98    0.046904    0.111640  (       4      13      20      24      31)
          99    0.046904    0.111617  (       4      13      19      24      31)
         100    0.046906    0.122882  (       4       5      13      28      31)
