        Rank     LS_RMSE    LS_MaxAE  Feature_ID
           1    0.039312    0.104514  (       2       3      13      26      32      59)
           2    0.039317    0.104600  (       2       3      13      25      32      59)
           3    0.039320    0.104472  (       2       3      13      30      32      59)
           4    0.039332    0.104541  (       2       3      13      27      32      59)
           5    0.039336    0.104519  (       2       3      13      29      32      59)
           6    0.039359    0.104669  (       2       3      13      21      32      59)
           7    0.039391    0.104717  (       2       3      13      24      32      59)
           8    0.039399    0.104685  (       2       3      13      23      32      59)
           9    0.039424    0.104753  (       2       3      13      22      32      59)
          10    0.039501    0.105730  (       3       8      13      26      32      59)
          11    0.039504    0.105824  (       3       8      13      25      32      59)
          12    0.039506    0.105696  (       3       8      13      30      32      59)
          13    0.039520    0.105760  (       3       8      13      27      32      59)
          14    0.039520    0.104922  (       2       3      13      28      32      59)
          15    0.039522    0.105742  (       3       8      13      29      32      59)
          16    0.039549    0.105882  (       3       8      13      21      32      59)
          17    0.039582    0.105928  (       3       8      13      24      32      59)
          18    0.039589    0.105895  (       3       8      13      23      32      59)
          19    0.039615    0.105965  (       3       8      13      22      32      59)
          20    0.039717    0.106117  (       3       8      13      28      32      59)
          21    0.039907    0.133908  (       2      13      27      29      32      46)
          22    0.039938    0.133962  (       2      13      26      30      32      46)
          23    0.039956    0.098562  (       4       6      13      20      30      31)
          24    0.039957    0.098561  (       4       6      13      19      30      31)
          25    0.039964    0.103083  (       2      13      30      32      41      56)
          26    0.039970    0.098441  (       4       6      13      20      25      31)
          27    0.039971    0.098440  (       4       6      13      19      25      31)
          28    0.039976    0.098508  (       4       6      13      20      29      31)
          29    0.039976    0.098507  (       4       6      13      19      29      31)
          30    0.039984    0.098427  (       4       6      13      20      26      31)
          31    0.039984    0.098426  (       4       6      13      19      26      31)
          32    0.039988    0.098448  (       4       6      13      20      27      31)
          33    0.039989    0.098447  (       4       6      13      19      27      31)
          34    0.040002    0.085362  (       1      13      18      30      32      41)
          35    0.040042    0.098280  (       4       6      13      20      21      31)
          36    0.040043    0.098279  (       4       6      13      19      21      31)
          37    0.040043    0.098985  (       4       5      13      20      30      31)
          38    0.040043    0.098984  (       4       5      13      19      30      31)
          39    0.040045    0.133706  (       2      13      22      28      32      46)
          40    0.040056    0.098866  (       4       5      13      20      25      31)
          41    0.040056    0.098865  (       4       5      13      19      25      31)
          42    0.040060    0.098936  (       4       5      13      20      29      31)
          43    0.040061    0.098934  (       4       5      13      19      29      31)
          44    0.040069    0.098853  (       4       5      13      20      26      31)
          45    0.040069    0.098852  (       4       5      13      19      26      31)
          46    0.040070    0.133675  (       2      13      21      29      32      46)
          47    0.040071    0.098279  (       4       6      13      20      23      31)
          48    0.040072    0.098277  (       4       6      13      19      23      31)
          49    0.040072    0.098877  (       4       5      13      20      27      31)
          50    0.040073    0.098875  (       4       5      13      19      27      31)
          51    0.040076    0.098232  (       4       6      13      20      24      31)
          52    0.040077    0.098230  (       4       6      13      19      24      31)
          53    0.040082    0.085643  (       1      13      18      30      32      42)
          54    0.040091    0.098248  (       4       6      13      20      22      31)
          55    0.040091    0.098246  (       4       6      13      19      22      31)
          56    0.040102    0.134093  (       2      13      21      25      32      46)
          57    0.040112    0.085203  (       1      13      18      29      32      41)
          58    0.040112    0.133662  (       2      13      21      30      32      46)
          59    0.040114    0.133659  (       2      13      24      29      32      46)
          60    0.040115    0.133603  (       2      13      23      28      32      46)
          61    0.040116    0.110452  (       2       3      13      30      32      51)
          62    0.040118    0.133742  (       2      13      27      30      32      46)
          63    0.040123    0.098714  (       4       5      13      20      21      31)
          64    0.040124    0.098712  (       4       5      13      19      21      31)
          65    0.040128    0.133627  (       2      13      21      27      32      46)
          66    0.040135    0.133708  (       2      13      28      29      32      46)
          67    0.040138    0.103348  (       2      13      30      32      42      56)
          68    0.040145    0.085127  (       1      13      18      26      32      41)
          69    0.040146    0.085149  (       1      13      18      25      32      41)
          70    0.040146    0.133852  (       2      13      25      28      32      46)
          71    0.040149    0.133667  (       2      13      24      30      32      46)
          72    0.040150    0.095017  (       2      13      30      32      41      58)
          73    0.040150    0.098718  (       4       5      13      20      23      31)
          74    0.040151    0.133704  (       2      13      28      30      32      46)
          75    0.040151    0.098716  (       4       5      13      19      23      31)
          76    0.040155    0.098670  (       4       5      13      20      24      31)
          77    0.040156    0.098669  (       4       5      13      19      24      31)
          78    0.040159    0.133982  (       2      13      24      25      32      46)
          79    0.040162    0.133764  (       2      13      24      28      32      46)
          80    0.040162    0.133698  (       2      13      27      28      32      46)
          81    0.040164    0.110559  (       2       3      13      26      32      51)
          82    0.040166    0.110636  (       2       3      13      25      32      51)
          83    0.040167    0.110542  (       2       3      13      29      32      51)
          84    0.040169    0.098689  (       4       5      13      20      22      31)
          85    0.040169    0.098688  (       4       5      13      19      22      31)
          86    0.040171    0.133633  (       2      13      24      27      32      46)
          87    0.040172    0.085105  (       1      13      18      27      32      41)
          88    0.040180    0.103577  (       2      13      29      32      41      56)
          89    0.040188    0.110591  (       2       3      13      27      32      51)
          90    0.040188    0.133742  (       2      13      21      28      32      46)
          91    0.040191    0.085484  (       1      13      18      29      32      42)
          92    0.040200    0.133881  (       2      13      23      29      32      46)
          93    0.040209    0.133665  (       2      13      26      28      32      46)
          94    0.040218    0.133841  (       2      13      23      30      32      46)
          95    0.040225    0.085408  (       1      13      18      26      32      42)
          96    0.040225    0.085430  (       1      13      18      25      32      42)
          97    0.040227    0.095130  (       2      13      30      32      42      58)
          98    0.040234    0.133754  (       2      13      22      29      32      46)
          99    0.040242    0.094861  (       2      13      30      32      41      54)
         100    0.040243    0.103803  (       2      13      25      32      41      56)
