        Rank     LS_RMSE    LS_MaxAE  Feature_ID
           1    0.121939    0.434340  (       1)
           2    0.122331    0.478943  (       2)
           3    0.122503    0.480787  (       3)
           4    0.122800    0.486101  (       4)
           5    0.123035    0.463368  (       5)
           6    0.123587    0.465837  (       6)
           7    0.123615    0.506425  (       7)
           8    0.124055    0.484505  (       8)
           9    0.124379    0.384213  (       9)
          10    0.124434    0.374920  (      10)
