        Rank     LS_RMSE    LS_MaxAE  Feature_ID
           1    0.034106    0.066542  (       9      14      15      22      35      40)
           2    0.034137    0.066421  (       2      12      15      22      35      40)
           3    0.034198    0.065572  (       2      14      15      22      35      40)
           4    0.034311    0.068756  (       9      12      15      22      35      40)
           5    0.034338    0.065389  (       2      14      15      22      38      40)
           6    0.034383    0.066941  (       9      14      15      22      38      40)
           7    0.034391    0.068517  (       2      12      15      22      38      40)
           8    0.034551    0.070272  (       2      13      15      22      35      40)
           9    0.034722    0.069107  (       9      12      15      22      38      40)
          10    0.034948    0.070032  (       2      13      15      22      24      35)
          11    0.034983    0.070041  (       2      13      15      22      23      35)
          12    0.035029    0.071347  (       2      13      15      22      38      40)
          13    0.035185    0.072561  (       9      13      15      22      35      40)
          14    0.035286    0.073811  (       2      13      21      22      35      57)
          15    0.035286    0.073811  (       2      13      22      31      35      57)
          16    0.035314    0.069657  (       2      13      21      22      35      55)
          17    0.035314    0.069657  (       2      13      22      31      35      55)
          18    0.035364    0.066420  (       2      13      21      22      35      54)
          19    0.035364    0.066420  (       2      13      22      31      35      54)
          20    0.035374    0.071123  (       2      13      15      22      24      38)
          21    0.035401    0.071145  (       2      13      15      22      23      38)
          22    0.035414    0.071969  (       2      13      22      31      35      52)
          23    0.035414    0.071969  (       2      13      21      22      35      52)
          24    0.035420    0.070913  (       2      13      21      22      35      59)
          25    0.035420    0.070913  (       2      13      22      31      35      59)
          26    0.035447    0.072104  (       2      13      15      22      35      47)
          27    0.035463    0.073534  (       2      13      22      31      35      51)
          28    0.035463    0.073534  (       2      13      21      22      35      51)
          29    0.035510    0.069794  (       2      13      15      22      31      35)
          30    0.035510    0.069794  (       2      13      15      21      22      35)
          31    0.035516    0.074126  (       2      13      21      22      38      57)
          32    0.035516    0.074126  (       2      13      22      31      38      57)
          33    0.035523    0.072310  (       9      13      15      22      24      35)
          34    0.035548    0.072316  (       9      13      15      22      23      35)
          35    0.035582    0.073500  (       2      13      22      35      46      52)
          36    0.035582    0.073500  (       2      13      22      35      39      52)
          37    0.035585    0.072251  (       2      13      22      31      35      60)
          38    0.035585    0.072251  (       2      13      21      22      35      60)
          39    0.035585    0.071990  (       2      13      21      22      35      56)
          40    0.035585    0.071990  (       2      13      22      31      35      56)
          41    0.035592    0.071713  (       2      13      15      22      30      35)
          42    0.035616    0.073696  (       2      13      22      35      37      52)
          43    0.035616    0.073696  (       2      13      22      35      44      52)
          44    0.035618    0.071407  (       2      13      22      31      35      53)
          45    0.035618    0.071407  (       2      13      21      22      35      53)
          46    0.035626    0.071569  (       2      13      22      31      35      58)
          47    0.035626    0.071569  (       2      13      21      22      35      58)
          48    0.035629    0.071359  (       2      13      21      22      38      55)
          49    0.035629    0.071359  (       2      13      22      31      38      55)
          50    0.035646    0.072569  (       2      13      22      31      38      52)
          51    0.035646    0.072569  (       2      13      21      22      38      52)
          52    0.035657    0.073844  (       2      13      22      35      36      52)
          53    0.035657    0.073844  (       2      13      22      35      45      52)
          54    0.035662    0.074748  (       2      13      22      35      39      60)
          55    0.035662    0.074748  (       2      13      22      35      46      60)
          56    0.035663    0.073874  (       2      13      21      22      38      51)
          57    0.035663    0.073874  (       2      13      22      31      38      51)
          58    0.035665    0.074205  (       9      13      21      22      35      52)
          59    0.035665    0.074205  (       9      13      22      31      35      52)
          60    0.035672    0.075815  (       9      13      22      31      35      51)
          61    0.035672    0.075815  (       9      13      21      22      35      51)
          62    0.035675    0.074928  (       2      13      22      35      46      51)
          63    0.035675    0.074928  (       2      13      22      35      39      51)
          64    0.035681    0.075920  (       9      13      22      31      35      57)
          65    0.035681    0.075920  (       9      13      21      22      35      57)
          66    0.035683    0.074338  (       2      13      22      35      41      52)
          67    0.035683    0.074338  (       2      13      22      34      35      52)
          68    0.035687    0.069835  (       2      13      15      22      27      35)
          69    0.035698    0.074570  (       2      13      22      35      50      60)
          70    0.035698    0.068187  (       2      13      22      31      38      54)
          71    0.035698    0.068187  (       2      13      21      22      38      54)
          72    0.035702    0.074900  (       2      13      22      35      44      51)
          73    0.035702    0.074900  (       2      13      22      35      37      51)
          74    0.035705    0.072192  (       2      13      22      31      38      59)
          75    0.035705    0.072192  (       2      13      21      22      38      59)
          76    0.035706    0.072424  (       2      13      15      22      38      47)
          77    0.035707    0.074002  (       2      13      22      35      46      58)
          78    0.035707    0.074002  (       2      13      22      35      39      58)
          79    0.035714    0.075363  (       2      13      22      34      35      60)
          80    0.035714    0.075363  (       2      13      22      35      41      60)
          81    0.035714    0.073856  (       2      13      22      35      46      53)
          82    0.035714    0.073856  (       2      13      22      35      39      53)
          83    0.035714    0.074878  (       2      13      22      35      37      60)
          84    0.035714    0.074878  (       2      13      22      35      44      60)
          85    0.035734    0.071853  (       9      13      21      22      35      55)
          86    0.035734    0.071853  (       9      13      22      31      35      55)
          87    0.035735    0.074945  (       2      13      22      35      36      51)
          88    0.035735    0.074945  (       2      13      22      35      45      51)
          89    0.035738    0.073775  (       2      13      22      35      50      58)
          90    0.035749    0.070434  (       2      13      15      22      28      35)
          91    0.035753    0.073617  (       2      13      22      35      50      53)
          92    0.035754    0.074703  (       2      13      22      35      41      58)
          93    0.035754    0.074703  (       2      13      22      34      35      58)
          94    0.035760    0.074161  (       2      13      22      35      44      58)
          95    0.035760    0.074161  (       2      13      22      35      37      58)
          96    0.035761    0.074475  (       2      13      22      35      39      56)
          97    0.035761    0.074475  (       2      13      22      35      46      56)
          98    0.035765    0.074582  (       2      13      22      35      41      53)
          99    0.035765    0.074582  (       2      13      22      34      35      53)
         100    0.035766    0.075391  (       2      13      22      34      35      51)
