        Rank     LS_RMSE    LS_MaxAE  Feature_ID
           1    0.082319    0.259407  (       1      13)
           2    0.082882    0.260979  (       4      13)
           3    0.083513    0.259083  (       2      13)
           4    0.084636    0.326355  (       9      14)
           5    0.084663    0.260000  (       9      13)
           6    0.084896    0.328236  (       2      14)
           7    0.084919    0.322508  (       4      12)
           8    0.085461    0.328930  (       2      12)
           9    0.085493    0.318019  (       4      11)
          10    0.085591    0.328022  (       9      12)
          11    0.085615    0.318775  (       1      11)
          12    0.085701    0.324807  (       1      12)
          13    0.086774    0.327995  (       4      14)
          14    0.087722    0.323460  (       1      15)
          15    0.087875    0.331277  (       1      14)
          16    0.087975    0.329586  (       2      11)
          17    0.088216    0.318655  (       2      15)
          18    0.088227    0.247488  (       1      16)
          19    0.088885    0.328029  (       4      15)
          20    0.088908    0.330612  (       9      11)
          21    0.088954    0.248804  (       4      16)
          22    0.089855    0.323390  (       9      15)
          23    0.089918    0.340972  (       1      17)
          24    0.090120    0.245931  (       2      16)
          25    0.090885    0.303467  (       2      19)
          26    0.091210    0.345851  (       4      17)
          27    0.091361    0.355304  (       1      20)
          28    0.091466    0.246465  (       9      16)
          29    0.091584    0.344368  (       1      18)
          30    0.091840    0.303073  (       1      19)
          31    0.091992    0.217727  (       6      15)
          32    0.092049    0.304468  (       9      19)
          33    0.092352    0.335555  (       2      17)
          34    0.092491    0.360291  (       4      20)
          35    0.092510    0.350457  (       2      20)
          36    0.092646    0.203788  (       6      13)
          37    0.092715    0.304312  (       4      19)
          38    0.092824    0.349461  (       4      18)
          39    0.093606    0.338728  (       2      18)
          40    0.093985    0.340654  (       9      17)
          41    0.094091    0.355660  (       9      20)
          42    0.095055    0.255317  (       3      13)
          43    0.095189    0.344045  (       9      18)
          44    0.095721    0.238536  (       3      15)
          45    0.095749    0.256917  (       5      13)
          46    0.096259    0.240137  (       5      15)
          47    0.097610    0.279230  (      10      15)
          48    0.097805    0.231143  (       6      17)
          49    0.099024    0.230144  (       6      18)
          50    0.099370    0.255443  (      10      13)
          51    0.099538    0.250127  (       7      14)
          52    0.099730    0.248353  (       6      20)
          53    0.100358    0.254590  (       7      12)
          54    0.100962    0.244179  (       8      14)
          55    0.101419    0.223025  (       3      20)
          56    0.101643    0.248368  (       8      12)
          57    0.101805    0.224538  (       5      20)
          58    0.102365    0.292200  (       6      16)
          59    0.102389    0.260171  (       7      11)
          60    0.102735    0.238479  (       3      17)
          61    0.103063    0.240215  (       5      17)
          62    0.103487    0.253752  (       8      11)
          63    0.103609    0.240615  (       3      18)
          64    0.103666    0.270413  (       3      16)
          65    0.104093    0.242377  (       5      18)
          66    0.104214    0.361046  (      10      11)
          67    0.104233    0.271049  (       5      16)
          68    0.104488    0.291569  (      10      17)
          69    0.104576    0.225579  (       7      13)
          70    0.104650    0.211768  (       7      15)
          71    0.104904    0.306107  (      10      20)
          72    0.105313    0.370491  (      10      14)
          73    0.105365    0.292142  (      10      18)
          74    0.105585    0.281111  (      10      16)
          75    0.105720    0.371270  (      10      12)
          76    0.105934    0.219202  (       8      15)
          77    0.106005    0.232905  (       8      13)
          78    0.107466    0.224529  (       7      20)
          79    0.107659    0.403355  (       6      11)
          80    0.108004    0.369821  (       3      11)
          81    0.108163    0.216451  (       7      17)
          82    0.108593    0.219516  (       7      18)
          83    0.108617    0.229250  (       8      20)
          84    0.108972    0.372725  (       5      11)
          85    0.109050    0.222257  (       7      16)
          86    0.109458    0.452281  (       2       5)
          87    0.109471    0.224488  (       8      17)
          88    0.109558    0.391983  (       5       7)
          89    0.109793    0.452252  (       2       3)
          90    0.109807    0.387275  (       5       8)
          91    0.109894    0.227921  (       8      18)
          92    0.109986    0.355926  (      10      19)
          93    0.110058    0.393489  (       3       7)
          94    0.110174    0.418374  (       6      12)
          95    0.110273    0.454262  (       5       9)
          96    0.110279    0.227454  (       8      16)
          97    0.110281    0.388864  (       3       8)
          98    0.110358    0.384873  (       6      19)
          99    0.110529    0.384383  (       3      12)
         100    0.110666    0.454272  (       3       9)
