        Rank     LS_RMSE    LS_MaxAE  Feature_ID
           1    0.120458    0.479458  (       1)
           2    0.121161    0.486368  (       2)
           3    0.121500    0.461888  (       3)
           4    0.122059    0.484895  (       4)
           5    0.122224    0.464178  (       5)
           6    0.122512    0.502234  (       6)
           7    0.122740    0.378468  (       7)
           8    0.122986    0.368895  (       8)
           9    0.123165    0.492315  (       9)
          10    0.123430    0.476289  (      10)
