        Rank     LS_RMSE    LS_MaxAE  Feature_ID
           1    0.037691    0.077688  (       2      13      21      22      35)
           2    0.037691    0.077688  (       2      13      22      31      35)
           3    0.037743    0.074051  (       2      13      22      34      35)
           4    0.037743    0.074051  (       2      13      22      35      41)
           5    0.037895    0.078078  (       2      13      22      31      38)
           6    0.037895    0.078078  (       2      13      21      22      38)
           7    0.037955    0.075711  (       2      13      22      38      41)
           8    0.037955    0.075711  (       2      13      22      34      38)
           9    0.037964    0.079358  (       9      13      21      22      35)
          10    0.037964    0.079358  (       9      13      22      31      35)
          11    0.038086    0.073868  (       2      13      22      35      37)
          12    0.038086    0.073868  (       2      13      22      35      44)
          13    0.038140    0.074823  (       2      13      22      35      36)
          14    0.038140    0.074823  (       2      13      22      35      45)
          15    0.038141    0.073921  (       2      13      22      35      43)
          16    0.038141    0.073921  (       2      13      22      32      35)
          17    0.038168    0.076230  (       9      13      22      35      41)
          18    0.038168    0.076230  (       9      13      22      34      35)
          19    0.038195    0.074472  (       2      13      22      33      35)
          20    0.038195    0.074472  (       2      13      22      35      42)
          21    0.038223    0.076588  (       2      13      22      35      39)
          22    0.038223    0.076588  (       2      13      22      35      46)
          23    0.038293    0.075210  (       2      13      22      38      44)
          24    0.038293    0.075210  (       2      13      22      37      38)
          25    0.038351    0.075331  (       2      13      22      38      45)
          26    0.038351    0.075331  (       2      13      22      36      38)
          27    0.038353    0.075583  (       2      13      22      32      38)
          28    0.038353    0.075583  (       2      13      22      38      43)
          29    0.038355    0.079679  (       9      13      21      22      38)
          30    0.038355    0.079679  (       9      13      22      31      38)
          31    0.038399    0.077160  (       2      13      22      23      35)
          32    0.038403    0.075256  (       2      13      22      38      42)
          33    0.038403    0.075256  (       2      13      22      33      38)
          34    0.038428    0.076988  (       2      13      22      38      46)
          35    0.038428    0.076988  (       2      13      22      38      39)
          36    0.038469    0.075710  (       9      13      22      35      44)
          37    0.038469    0.075710  (       9      13      22      35      37)
          38    0.038478    0.076264  (       2      13      22      35      48)
          39    0.038526    0.076517  (       9      13      22      35      36)
          40    0.038526    0.076517  (       9      13      22      35      45)
          41    0.038532    0.077440  (       2      13      22      24      35)
          42    0.038542    0.076101  (       9      13      22      32      35)
          43    0.038542    0.076101  (       9      13      22      35      43)
          44    0.038562    0.077792  (       9      13      22      34      38)
          45    0.038562    0.077792  (       9      13      22      38      41)
          46    0.038565    0.077896  (       2      13      22      35      50)
          47    0.038573    0.077568  (       2      13      22      23      38)
          48    0.038581    0.076171  (       9      13      22      35      42)
          49    0.038581    0.076171  (       9      13      22      33      35)
          50    0.038596    0.078271  (       9      13      22      35      46)
          51    0.038596    0.078271  (       9      13      22      35      39)
          52    0.038630    0.078818  (       9      13      22      23      35)
          53    0.038689    0.076665  (       2      13      22      38      48)
          54    0.038706    0.077847  (       2      13      22      24      38)
          55    0.038762    0.078306  (       2      13      22      38      50)
          56    0.038763    0.079096  (       9      13      22      24      35)
          57    0.038860    0.077291  (       9      13      22      37      38)
          58    0.038860    0.077291  (       9      13      22      38      44)
          59    0.038883    0.077958  (       9      13      22      35      48)
          60    0.038893    0.074226  (       2      13      22      26      35)
          61    0.038919    0.079572  (       9      13      22      35      50)
          62    0.038920    0.077409  (       9      13      22      38      45)
          63    0.038920    0.077409  (       9      13      22      36      38)
          64    0.038935    0.077664  (       9      13      22      32      38)
          65    0.038935    0.077664  (       9      13      22      38      43)
          66    0.038972    0.077337  (       9      13      22      38      42)
          67    0.038972    0.077337  (       9      13      22      33      38)
          68    0.038974    0.074652  (       2      13      22      26      38)
          69    0.038985    0.078601  (       9      13      22      38      46)
          70    0.038985    0.078601  (       9      13      22      38      39)
          71    0.038991    0.079155  (       9      13      22      23      38)
          72    0.038996    0.075502  (       2      13      22      29      35)
          73    0.039005    0.072277  (       2      13      22      35      49)
          74    0.039007    0.074137  (       2      13      22      38      49)
          75    0.039020    0.074402  (       9      13      22      35      49)
          76    0.039035    0.075875  (       9      13      22      26      35)
          77    0.039123    0.079434  (       9      13      22      24      38)
          78    0.039175    0.075909  (       2      13      22      29      38)
          79    0.039213    0.076151  (       9      13      22      38      49)
          80    0.039277    0.078289  (       9      13      22      38      48)
          81    0.039286    0.073010  (       2      13      22      35      47)
          82    0.039302    0.079915  (       9      13      22      38      50)
          83    0.039303    0.076224  (       9      13      22      26      38)
          84    0.039309    0.074893  (       2      13      22      38      47)
          85    0.039318    0.073249  (       2      13      22      28      35)
          86    0.039340    0.077217  (       9      13      22      29      35)
          87    0.039350    0.073347  (       2      13      22      27      35)
          88    0.039373    0.078195  (       2      13      22      25      35)
          89    0.039377    0.075145  (       9      13      22      35      47)
          90    0.039462    0.075014  (       2      13      22      28      38)
          91    0.039493    0.074513  (       2      13      22      27      38)
          92    0.039558    0.075424  (       9      13      22      28      35)
          93    0.039578    0.078618  (       2      13      22      25      38)
          94    0.039583    0.073771  (       2      13      22      35      40)
          95    0.039585    0.075018  (       9      13      22      27      35)
          96    0.039590    0.076919  (       9      13      22      38      47)
          97    0.039690    0.079880  (       9      13      22      25      35)
          98    0.039704    0.077552  (       9      13      22      29      38)
          99    0.039747    0.075140  (       2      13      22      38      40)
         100    0.039792    0.075542  (       9      13      22      35      40)
