        Rank     LS_RMSE    LS_MaxAE  Feature_ID
           1    0.049982    0.174367  (       2      13      22      35)
           2    0.050010    0.130268  (       2      13      22      31)
           3    0.050010    0.130268  (       2      13      21      22)
           4    0.050114    0.174010  (       2      13      22      38)
           5    0.050141    0.173653  (       9      13      22      35)
           6    0.050258    0.123609  (       2      13      22      34)
           7    0.050259    0.131183  (       4      13      21      22)
           8    0.050259    0.131183  (       4      13      22      31)
           9    0.050339    0.129201  (       1      13      21      22)
          10    0.050339    0.129201  (       1      13      22      31)
          11    0.050436    0.143165  (       1      18      22      40)
          12    0.050451    0.173532  (       9      13      22      38)
          13    0.050568    0.124633  (       2      13      22      32)
          14    0.050636    0.127367  (       4      13      22      25)
          15    0.050654    0.125441  (       1      13      22      25)
          16    0.050675    0.125234  (       2      13      22      36)
          17    0.050717    0.124986  (       2      13      22      33)
          18    0.050762    0.125282  (       2      13      22      37)
          19    0.050767    0.130471  (       4      13      22      34)
          20    0.050793    0.126278  (       4      13      22      32)
          21    0.050811    0.129596  (       1      13      22      34)
          22    0.050835    0.125425  (       1      13      22      32)
          23    0.050891    0.125745  (       2      13      22      39)
          24    0.050921    0.127122  (       4      13      22      33)
          25    0.050967    0.125217  (       1      13      22      33)
          26    0.050970    0.126254  (       9      13      21      22)
          27    0.050970    0.126254  (       9      13      22      31)
          28    0.050987    0.127079  (       4      13      22      36)
          29    0.051019    0.125329  (       1      13      22      36)
          30    0.051022    0.125916  (       4      13      22      26)
          31    0.051041    0.129538  (       2      13      22      23)
          32    0.051076    0.127877  (       4      13      22      37)
          33    0.051117    0.125972  (       1      13      22      37)
          34    0.051142    0.129433  (       2      13      22      24)
          35    0.051145    0.125137  (       4      13      22      28)
          36    0.051177    0.128587  (       4      13      22      23)
          37    0.051191    0.128320  (       4      13      22      39)
          38    0.051213    0.145484  (       4      18      22      40)
          39    0.051222    0.124579  (       4      13      22      27)
          40    0.051231    0.126412  (       1      13      22      39)
          41    0.051269    0.128346  (       4      13      22      24)
          42    0.051290    0.126598  (       1      13      22      23)
          43    0.051294    0.125391  (       4      13      22      30)
          44    0.051305    0.123115  (       1      13      22      28)
          45    0.051318    0.123760  (       1      13      22      26)
          46    0.051332    0.123465  (       1      13      22      30)
          47    0.051360    0.125366  (       9      13      22      34)
          48    0.051380    0.126361  (       1      13      22      24)
          49    0.051396    0.122557  (       1      13      22      27)
          50    0.051428    0.130261  (       4      13      22      29)
          51    0.051556    0.127967  (       2      13      22      29)
          52    0.051561    0.128201  (       1      13      22      29)
          53    0.051610    0.132088  (       2      13      22      26)
          54    0.051646    0.121249  (       9      13      22      32)
          55    0.051741    0.121273  (       9      13      22      36)
          56    0.051784    0.121016  (       9      13      22      33)
          57    0.051829    0.121311  (       9      13      22      37)
          58    0.051948    0.121773  (       9      13      22      39)
          59    0.051961    0.125543  (       9      13      22      23)
          60    0.051974    0.130959  (       2      13      22      27)
          61    0.052060    0.125438  (       9      13      22      24)
          62    0.052268    0.146830  (       1      17      22      40)
          63    0.052360    0.133992  (       2      13      22      28)
          64    0.052439    0.128929  (       2      13      22      40)
          65    0.052451    0.128052  (       9      13      22      26)
          66    0.052552    0.125974  (       4      13      22      40)
          67    0.052560    0.172939  (       2      18      22      40)
          68    0.052599    0.123900  (       9      13      22      29)
          69    0.052626    0.142788  (       2      15      22      40)
          70    0.052653    0.124023  (       1      13      22      40)
          71    0.052897    0.126954  (       9      13      22      27)
          72    0.052935    0.147293  (       1      18      22      30)
          73    0.053011    0.142658  (       2      13      22      25)
          74    0.053155    0.149616  (       1      18      22      24)
          75    0.053236    0.148986  (       4      17      22      40)
          76    0.053300    0.130000  (       9      13      22      28)
          77    0.053334    0.124952  (       9      13      22      40)
          78    0.053360    0.150047  (       1      18      22      23)
          79    0.053468    0.141073  (       2      13      22      30)
          80    0.053582    0.148849  (       1      15      22      40)
          81    0.053891    0.146504  (       1      18      22      27)
          82    0.053946    0.147464  (       1      18      22      28)
          83    0.053987    0.169240  (       9      18      22      40)
          84    0.054013    0.151964  (       4      18      22      24)
          85    0.054032    0.149589  (       4      18      22      30)
          86    0.054040    0.138678  (       9      13      22      25)
          87    0.054216    0.152399  (       4      18      22      23)
          88    0.054291    0.139015  (       9      15      22      40)
          89    0.054379    0.150960  (       4      15      22      40)
          90    0.054465    0.137108  (       9      13      22      30)
          91    0.054764    0.148879  (       4      18      22      27)
          92    0.054853    0.149846  (       4      18      22      28)
          93    0.055002    0.170910  (       2      17      22      40)
          94    0.055034    0.152214  (       1      15      22      30)
          95    0.055141    0.174719  (       2      18      22      24)
          96    0.055144    0.144299  (       2      15      22      24)
          97    0.055146    0.151763  (       1      18      22      25)
          98    0.055309    0.174702  (       2      18      22      23)
          99    0.055310    0.153093  (       1      17      22      24)
         100    0.055426    0.144435  (       2      15      22      23)
