        Rank     LS_RMSE    LS_MaxAE  Feature_ID
           1    0.067157    0.241699  (       2      13      22)
           2    0.067671    0.242385  (       1      13      22)
           3    0.067675    0.201037  (       1      18      24)
           4    0.067783    0.200874  (       1      18      23)
           5    0.067816    0.243746  (       4      13      22)
           6    0.067849    0.196540  (       1      13      21)
           7    0.068046    0.242445  (       9      13      22)
           8    0.068088    0.205743  (       1      18      30)
           9    0.068305    0.201447  (       4      13      21)
          10    0.068678    0.203299  (       1      18      27)
          11    0.068737    0.196391  (       1      15      30)
          12    0.068798    0.203822  (       1      18      28)
          13    0.068805    0.206250  (       4      18      24)
          14    0.068883    0.197893  (       1      17      24)
          15    0.068898    0.197243  (       1      13      26)
          16    0.068911    0.206088  (       4      18      23)
          17    0.068916    0.197371  (       1      13      23)
          18    0.068961    0.200334  (       1      13      25)
          19    0.068981    0.197757  (       1      17      23)
          20    0.069018    0.197447  (       1      13      24)
          21    0.069155    0.192904  (       1      15      24)
          22    0.069186    0.202237  (       4      13      26)
          23    0.069338    0.197809  (       1      13      29)
          24    0.069343    0.202264  (       4      13      23)
          25    0.069345    0.192790  (       1      15      23)
          26    0.069427    0.211105  (       4      18      30)
          27    0.069446    0.202338  (       4      13      24)
          28    0.069463    0.204991  (       1      18      25)
          29    0.069486    0.205319  (       4      13      25)
          30    0.069562    0.197523  (       2      13      21)
          31    0.069567    0.198837  (       1      13      27)
          32    0.069570    0.199214  (       1      13      28)
          33    0.069590    0.200411  (       1      13      30)
          34    0.069763    0.202809  (       4      13      29)
          35    0.069800    0.201827  (       1      17      30)
          36    0.069834    0.208642  (       4      18      27)
          37    0.069961    0.203792  (       4      13      27)
          38    0.069979    0.204186  (       4      13      28)
          39    0.069984    0.209189  (       4      18      28)
          40    0.069999    0.201273  (       4      15      30)
          41    0.070095    0.205383  (       4      13      30)
          42    0.070131    0.202833  (       4      17      24)
          43    0.070163    0.194123  (       2      15      24)
          44    0.070183    0.199259  (       1      18      21)
          45    0.070227    0.202698  (       4      17      23)
          46    0.070227    0.199637  (       1      17      27)
          47    0.070232    0.176536  (       2      14      15)
          48    0.070254    0.197693  (       4      15      24)
          49    0.070255    0.194146  (       1      15      27)
          50    0.070279    0.195791  (       1      15      25)
          51    0.070336    0.176606  (       9      14      15)
          52    0.070339    0.194013  (       2      15      23)
          53    0.070372    0.200102  (       1      17      28)
          54    0.070444    0.197580  (       4      15      23)
          55    0.070459    0.194560  (       1      15      28)
          56    0.070669    0.198324  (       2      13      23)
          57    0.070745    0.180866  (       4      12      15)
          58    0.070755    0.201712  (       9      13      21)
          59    0.070778    0.198397  (       2      13      24)
          60    0.070846    0.210356  (       4      18      25)
          61    0.071073    0.180741  (       2      12      15)
          62    0.071099    0.198128  (       2      13      26)
          63    0.071131    0.201573  (       2      18      24)
          64    0.071166    0.201155  (       1      17      25)
          65    0.071208    0.201419  (       2      18      23)
          66    0.071213    0.179985  (       1      12      15)
          67    0.071242    0.206875  (       4      17      30)
          68    0.071319    0.198735  (       2      13      29)
          69    0.071374    0.199007  (       4      15      27)
          70    0.071387    0.191304  (       1      15      21)
          71    0.071428    0.204496  (       4      18      21)
          72    0.071489    0.180881  (       9      12      15)
          73    0.071510    0.204668  (       4      17      27)
          74    0.071566    0.196173  (       1      17      21)
          75    0.071576    0.200681  (       4      15      25)
          76    0.071601    0.199440  (       4      15      28)
          77    0.071671    0.181741  (       1      11      15)
          78    0.071681    0.205154  (       4      17      28)
          79    0.071718    0.186708  (       4      11      15)
          80    0.071732    0.175837  (       4      14      15)
          81    0.071833    0.202496  (       9      13      23)
          82    0.071894    0.198215  (       9      15      24)
          83    0.071919    0.195708  (       1      20      24)
          84    0.071940    0.202567  (       9      13      24)
          85    0.071972    0.199603  (       2      13      27)
          86    0.072011    0.195169  (       2      15      27)
          87    0.072027    0.195580  (       1      20      23)
          88    0.072069    0.198106  (       9      15      23)
          89    0.072194    0.196845  (       2      15      30)
          90    0.072207    0.202367  (       9      13      26)
          91    0.072219    0.192584  (       2      15      21)
          92    0.072343    0.199866  (       2      13      28)
          93    0.072429    0.175144  (       1      14      15)
          94    0.072577    0.196109  (       4      15      21)
          95    0.072587    0.202970  (       9      13      29)
          96    0.072642    0.206209  (       4      17      25)
          97    0.072664    0.195449  (       2      15      28)
          98    0.072690    0.198273  (       2      17      24)
          99    0.072720    0.206097  (       9      18      24)
         100    0.072753    0.200626  (       2      13      25)
