        Rank     LS_RMSE    LS_MaxAE  Feature_ID
           1    0.040956    0.100849  (      10      19      26      35      41)
           2    0.041334    0.101650  (      10      19      26      34      41)
           3    0.041815    0.129693  (       3      10      15      26      41)
           4    0.041826    0.105434  (      10      19      26      35      42)
           5    0.041837    0.105309  (      10      19      26      35      43)
           6    0.041956    0.128462  (       3      10      13      26      41)
           7    0.042219    0.106286  (      10      19      26      34      42)
           8    0.042227    0.106159  (      10      19      26      34      43)
           9    0.042339    0.105749  (      10      19      26      35      45)
          10    0.042340    0.105717  (      10      19      26      35      44)
          11    0.042354    0.106186  (      10      19      26      35      47)
          12    0.042356    0.106154  (      10      19      26      35      46)
          13    0.042417    0.106701  (      10      19      26      35      50)
          14    0.042418    0.106477  (      10      19      26      35      48)
          15    0.042424    0.130542  (       3      10      15      27      41)
          16    0.042443    0.106605  (      10      19      26      35      49)
          17    0.042618    0.129266  (       3      10      13      27      41)
          18    0.042696    0.112130  (       3      10      17      26      41)
          19    0.042726    0.111982  (       3      10      19      26      41)
          20    0.042757    0.137461  (       3      10      16      26      41)
          21    0.042769    0.106615  (      10      19      26      34      44)
          22    0.042774    0.106650  (      10      19      26      34      45)
          23    0.042788    0.107052  (      10      19      26      34      46)
          24    0.042792    0.107087  (      10      19      26      34      47)
          25    0.042858    0.107609  (      10      19      26      34      50)
          26    0.042861    0.107375  (      10      19      26      34      48)
          27    0.042862    0.107489  (      10      19      26      34      49)
          28    0.043004    0.100793  (      10      19      27      35      41)
          29    0.043200    0.114419  (      10      17      26      35      41)
          30    0.043320    0.115163  (      10      17      26      35      43)
          31    0.043325    0.115062  (      10      17      26      35      42)
          32    0.043346    0.113364  (      10      17      26      35      50)
          33    0.043381    0.115656  (       3      10      12      26      41)
          34    0.043392    0.138587  (       3      10      16      27      41)
          35    0.043457    0.101623  (      10      19      27      34      41)
          36    0.043494    0.114522  (      10      17      26      35      46)
          37    0.043502    0.114526  (      10      17      26      35      47)
          38    0.043554    0.114707  (      10      17      26      35      44)
          39    0.043562    0.114711  (      10      17      26      35      45)
          40    0.043599    0.114684  (      10      17      26      35      48)
          41    0.043606    0.114744  (      10      17      26      35      49)
          42    0.043798    0.114566  (      10      17      26      34      41)
          43    0.043816    0.105197  (      10      19      27      35      42)
          44    0.043832    0.105082  (      10      19      27      35      43)
          45    0.043897    0.112784  (       3      10      19      27      41)
          46    0.043907    0.112905  (       3      10      17      27      41)
          47    0.043961    0.115351  (      10      17      26      34      43)
          48    0.043968    0.115254  (      10      17      26      34      42)
          49    0.044065    0.113661  (      10      17      26      34      50)
          50    0.044142    0.116002  (       3      10      12      27      41)
          51    0.044192    0.114789  (      10      17      26      34      46)
          52    0.044205    0.114800  (      10      17      26      34      47)
          53    0.044246    0.114966  (      10      17      26      34      44)
          54    0.044259    0.114978  (      10      17      26      34      45)
          55    0.044286    0.106078  (      10      19      27      34      42)
          56    0.044290    0.114994  (      10      17      26      34      49)
          57    0.044292    0.105485  (      10      19      27      35      44)
          58    0.044293    0.105517  (      10      19      27      35      45)
          59    0.044298    0.105961  (      10      19      27      34      43)
          60    0.044305    0.114965  (      10      17      26      34      48)
          61    0.044309    0.105901  (      10      19      27      35      46)
          62    0.044309    0.105932  (      10      19      27      35      47)
          63    0.044344    0.106411  (      10      19      27      35      50)
          64    0.044374    0.106212  (      10      19      27      35      48)
          65    0.044389    0.106330  (      10      19      27      35      49)
          66    0.044582    0.135832  (       3      10      15      26      43)
          67    0.044598    0.146756  (       3      10      20      26      41)
          68    0.044620    0.136038  (       3      10      15      26      42)
          69    0.044660    0.134594  (       3      10      13      26      43)
          70    0.044669    0.086279  (      10      19      26      33      41)
          71    0.044688    0.134791  (       3      10      13      26      42)
          72    0.044711    0.094396  (      10      19      26      33      35)
          73    0.044734    0.094508  (      10      19      26      33      34)
          74    0.044795    0.106413  (      10      19      27      34      44)
          75    0.044802    0.106448  (      10      19      27      34      45)
          76    0.044815    0.106828  (      10      19      27      34      46)
          77    0.044821    0.106862  (      10      19      27      34      47)
          78    0.044859    0.107347  (      10      19      27      34      50)
          79    0.044882    0.107242  (      10      19      27      34      49)
          80    0.044889    0.107138  (      10      19      27      34      48)
          81    0.044925    0.114219  (       3      10      11      26      41)
          82    0.045042    0.111405  (      10      19      26      32      35)
          83    0.045056    0.086683  (      10      19      26      33      43)
          84    0.045064    0.111935  (      10      19      26      32      34)
          85    0.045064    0.119339  (       3      10      17      26      32)
          86    0.045079    0.086732  (      10      19      26      33      42)
          87    0.045092    0.117335  (       3      10      17      26      43)
          88    0.045127    0.117521  (       3      10      17      26      42)
          89    0.045139    0.110941  (      10      19      26      35      36)
          90    0.045216    0.136674  (       3      10      15      27      43)
          91    0.045250    0.136877  (       3      10      15      27      42)
          92    0.045310    0.148230  (       3      10      20      27      41)
          93    0.045346    0.135392  (       3      10      13      27      43)
          94    0.045365    0.119884  (       3      10      17      27      32)
          95    0.045368    0.135586  (       3      10      13      27      42)
          96    0.045401    0.143435  (       3      10      16      26      43)
          97    0.045408    0.097107  (      10      19      27      33      35)
          98    0.045428    0.120346  (      10      17      27      35      41)
          99    0.045434    0.135023  (       3      10      13      26      45)
         100    0.045437    0.135002  (       3      10      13      26      44)
