        Rank     LS_RMSE    LS_MaxAE  Feature_ID
           1    0.057131    0.114585  (      10      19      26)
           2    0.058335    0.133915  (      10      17      26)
           3    0.058696    0.119952  (      10      19      27)
           4    0.060094    0.139522  (      10      17      27)
           5    0.060317    0.138224  (      10      15      26)
           6    0.060595    0.145587  (      10      16      26)
           7    0.060779    0.144614  (      10      18      26)
           8    0.060983    0.137597  (      10      13      26)
           9    0.061473    0.138053  (      10      15      27)
          10    0.061646    0.154697  (      10      20      26)
          11    0.061802    0.145725  (      10      16      27)
          12    0.061819    0.142537  (      10      18      27)
          13    0.062185    0.137382  (      10      13      27)
          14    0.062950    0.155217  (      10      20      27)
          15    0.063139    0.139291  (       5      11      29)
          16    0.063145    0.174152  (       6      11      22)
          17    0.063153    0.142386  (      10      12      26)
          18    0.063225    0.138866  (       5      11      30)
          19    0.063382    0.170246  (       6      11      21)
          20    0.063678    0.176753  (       6      12      21)
          21    0.063789    0.181161  (       6      12      22)
          22    0.063801    0.215335  (       6      19      26)
          23    0.064149    0.199058  (       6      13      21)
          24    0.064180    0.179972  (       6      11      23)
          25    0.064202    0.214991  (       6      19      27)
          26    0.064216    0.180342  (       6      11      24)
          27    0.064362    0.125751  (       5      11      25)
          28    0.064372    0.140347  (      10      12      27)
          29    0.064696    0.126378  (       5      11      28)
          30    0.064805    0.218213  (       6      17      26)
          31    0.064907    0.186752  (       6      12      23)
          32    0.064908    0.204383  (       6      13      22)
          33    0.064968    0.187126  (       6      12      24)
          34    0.065185    0.145747  (      10      11      26)
          35    0.065381    0.218115  (       6      17      27)
          36    0.065466    0.176858  (       5      14      29)
          37    0.065495    0.176232  (       5      14      30)
          38    0.065721    0.203266  (       6      15      21)
          39    0.065791    0.205059  (       6      13      25)
          40    0.066052    0.209008  (       6      13      23)
          41    0.066156    0.209341  (       6      13      24)
          42    0.066265    0.133610  (      10      11      24)
          43    0.066280    0.134283  (      10      11      23)
          44    0.066418    0.209635  (       6      13      28)
          45    0.066463    0.141086  (       5      12      29)
          46    0.066500    0.143844  (      10      11      27)
          47    0.066548    0.143396  (       5      12      30)
          48    0.066557    0.208663  (       6      15      22)
          49    0.066680    0.185135  (       6      12      25)
          50    0.066740    0.188724  (       6      12      28)
          51    0.066814    0.241368  (       6      15      26)
          52    0.066844    0.239341  (       6      13      26)
          53    0.066876    0.208371  (       6      15      25)
          54    0.066906    0.128528  (       5      11      21)
          55    0.066909    0.131795  (      10      12      23)
          56    0.066921    0.131182  (      10      12      24)
          57    0.066952    0.147771  (       5      11      23)
          58    0.067047    0.241462  (       6      15      27)
          59    0.067096    0.183680  (       6      11      28)
          60    0.067098    0.147168  (       5      11      24)
          61    0.067123    0.239414  (       6      13      27)
          62    0.067138    0.122696  (       5      12      25)
          63    0.067225    0.213185  (       6      13      29)
          64    0.067311    0.180613  (       6      11      25)
          65    0.067391    0.192782  (       6      12      29)
          66    0.067422    0.166265  (       5      14      28)
          67    0.067442    0.213778  (       6      13      30)
          68    0.067487    0.131445  (       5      11      22)
          69    0.067526    0.251065  (       6      16      26)
          70    0.067545    0.187597  (       6      11      29)
          71    0.067595    0.213094  (       6      15      28)
          72    0.067597    0.193436  (       6      12      30)
          73    0.067619    0.213052  (       6      15      23)
          74    0.067716    0.213362  (       6      15      24)
          75    0.067722    0.164860  (       5      14      25)
          76    0.067740    0.188258  (       6      11      30)
          77    0.067783    0.251398  (       6      16      27)
          78    0.067794    0.170242  (       5      14      23)
          79    0.067807    0.124269  (       5      12      28)
          80    0.067846    0.169304  (       5      14      24)
          81    0.068005    0.215588  (       6      16      21)
          82    0.068060    0.159810  (       5      11      26)
          83    0.068420    0.216610  (       6      15      29)
          84    0.068495    0.222197  (       6      12      26)
          85    0.068582    0.142017  (      10      13      23)
          86    0.068629    0.217187  (       6      15      30)
          87    0.068635    0.141821  (      10      13      24)
          88    0.068655    0.220020  (       6      16      25)
          89    0.068792    0.159504  (       5      14      22)
          90    0.068819    0.166539  (       6      14      22)
          91    0.068840    0.221864  (       6      12      27)
          92    0.068880    0.158075  (       5      14      21)
          93    0.068996    0.221153  (       6      16      22)
          94    0.069066    0.262287  (       6      20      26)
          95    0.069106    0.160255  (       5      11      27)
          96    0.069144    0.172334  (       6      14      24)
          97    0.069213    0.172070  (       6      14      23)
          98    0.069259    0.142787  (      10      12      30)
          99    0.069283    0.181030  (       5      12      26)
         100    0.069321    0.144022  (      10      12      29)
