        Rank     LS_RMSE    LS_MaxAE  Feature_ID
           1    0.120578    0.377936  (       1)
           2    0.120734    0.364192  (       2)
           3    0.120778    0.337582  (       3)
           4    0.120783    0.379918  (       4)
           5    0.120828    0.466152  (       5)
           6    0.121217    0.385146  (       6)
           7    0.121253    0.361692  (       7)
           8    0.121281    0.392775  (       8)
           9    0.121437    0.369001  (       9)
          10    0.121460    0.473739  (      10)
