        Rank     LS_RMSE    LS_MaxAE  Feature_ID
           1    0.047842    0.111764  (      10      19      26      35)
           2    0.048137    0.112573  (      10      19      26      34)
           3    0.048828    0.125771  (      10      17      26      35)
           4    0.048919    0.112686  (      10      19      26      32)
           5    0.049016    0.127225  (      10      19      26      31)
           6    0.049047    0.126273  (      10      17      26      31)
           7    0.049053    0.111239  (      10      19      27      35)
           8    0.049366    0.125916  (      10      17      26      34)
           9    0.049424    0.112075  (      10      19      27      34)
          10    0.049607    0.101211  (      10      19      26      33)
          11    0.049905    0.112198  (      10      19      27      32)
          12    0.050018    0.111592  (      10      17      26      32)
          13    0.050068    0.112239  (      10      19      26      36)
          14    0.050195    0.127242  (      10      19      27      31)
          15    0.050284    0.112503  (      10      19      26      37)
          16    0.050318    0.131006  (      10      17      27      35)
          17    0.050362    0.105940  (      10      19      27      33)
          18    0.050420    0.126398  (      10      17      27      31)
          19    0.050496    0.112668  (      10      19      26      38)
          20    0.050590    0.111545  (      10      19      26      39)
          21    0.050613    0.109547  (      10      19      26      40)
          22    0.050928    0.131194  (      10      17      27      34)
          23    0.051068    0.107573  (      10      17      26      33)
          24    0.051127    0.130164  (      10      17      26      40)
          25    0.051132    0.111344  (      10      17      26      36)
          26    0.051149    0.127015  (      10      17      26      37)
          27    0.051266    0.111503  (      10      17      27      32)
          28    0.051374    0.128415  (      10      17      26      39)
          29    0.051381    0.127495  (      10      17      26      38)
          30    0.052183    0.125395  (      10      18      26      36)
          31    0.052184    0.111897  (      10      17      27      33)
          32    0.052187    0.124377  (      10      19      27      36)
          33    0.052251    0.112280  (      10      19      27      37)
          34    0.052429    0.160027  (       6      10      19      26)
          35    0.052440    0.112723  (      10      19      27      38)
          36    0.052507    0.123168  (      10      18      26      32)
          37    0.052568    0.113574  (      10      19      27      39)
          38    0.052679    0.115105  (      10      19      27      40)
          39    0.052792    0.136250  (      10      18      26      33)
          40    0.052970    0.122584  (      10      18      27      32)
          41    0.052991    0.124758  (       3      10      17      26)
          42    0.053059    0.133603  (      10      18      27      33)
          43    0.053075    0.126884  (      10      19      22      26)
          44    0.053118    0.138256  (      10      18      26      31)
          45    0.053193    0.161519  (       6      10      17      26)
          46    0.053325    0.132751  (      10      17      27      37)
          47    0.053410    0.135922  (      10      17      27      40)
          48    0.053467    0.123563  (      10      17      27      36)
          49    0.053492    0.128432  (      10      19      21      26)
          50    0.053500    0.130094  (       3      10      19      26)
          51    0.053535    0.133216  (      10      17      27      38)
          52    0.053563    0.134149  (      10      17      27      39)
          53    0.053594    0.136300  (      10      18      27      36)
          54    0.053672    0.161592  (       6      10      19      27)
          55    0.053727    0.129042  (       3      10      17      27)
          56    0.053773    0.138057  (      10      18      27      31)
          57    0.053834    0.147025  (      10      16      26      35)
          58    0.053971    0.138624  (       8      10      19      26)
          59    0.054021    0.147394  (      10      16      26      34)
          60    0.054040    0.156289  (      10      20      26      35)
          61    0.054059    0.125453  (      10      19      26      28)
          62    0.054068    0.140474  (      10      16      26      40)
          63    0.054145    0.136977  (      10      15      26      36)
          64    0.054185    0.130766  (       3      10      19      27)
          65    0.054212    0.152019  (      10      15      26      31)
          66    0.054300    0.147365  (       9      10      19      26)
          67    0.054301    0.133448  (      10      15      26      40)
          68    0.054326    0.126666  (      10      19      25      26)
          69    0.054339    0.144592  (      10      16      26      37)
          70    0.054343    0.137267  (      10      15      26      37)
          71    0.054376    0.156665  (      10      20      26      34)
          72    0.054408    0.159865  (      10      16      26      31)
          73    0.054495    0.143574  (      10      16      26      39)
          74    0.054539    0.139761  (      10      15      26      35)
          75    0.054543    0.151198  (       9      10      17      26)
          76    0.054554    0.144792  (      10      16      26      38)
          77    0.054570    0.137471  (      10      15      26      38)
          78    0.054572    0.136327  (      10      15      26      39)
          79    0.054584    0.140089  (      10      15      26      34)
          80    0.054620    0.163267  (       6      10      17      27)
          81    0.054714    0.147179  (       7      10      19      26)
          82    0.054751    0.149415  (      10      20      26      40)
          83    0.054764    0.147283  (      10      16      27      35)
          84    0.054799    0.144873  (      10      16      26      36)
          85    0.054799    0.136196  (      10      13      26      36)
          86    0.054839    0.139232  (       8      10      17      26)
          87    0.054904    0.122624  (      10      19      24      26)
          88    0.054936    0.122722  (      10      19      23      26)
          89    0.055006    0.147646  (      10      16      27      34)
          90    0.055022    0.156921  (      10      20      27      35)
          91    0.055026    0.152744  (       2      10      19      26)
          92    0.055068    0.152344  (      10      15      27      31)
          93    0.055125    0.152886  (       1      10      19      26)
          94    0.055174    0.152416  (       4      10      19      26)
          95    0.055179    0.146264  (       3      10      15      26)
          96    0.055235    0.159508  (       2      10      17      26)
          97    0.055247    0.153774  (      10      20      26      37)
          98    0.055296    0.113996  (      10      15      26      33)
          99    0.055305    0.160488  (      10      16      27      31)
         100    0.055326    0.153443  (       3      10      16      26)
