        Rank     LS_RMSE    LS_MaxAE  Feature_ID
           1    0.077606    0.236615  (       6      13)
           2    0.077739    0.215959  (       6      12)
           3    0.078353    0.211819  (       6      11)
           4    0.078365    0.239480  (       6      15)
           5    0.079987    0.250995  (       6      16)
           6    0.081911    0.242552  (       6      17)
           7    0.082159    0.311561  (      10      12)
           8    0.082532    0.264262  (       6      20)
           9    0.082603    0.323967  (      10      13)
          10    0.082821    0.312468  (      10      11)
          11    0.082986    0.307456  (      10      18)
          12    0.083087    0.225335  (       9      13)
          13    0.083119    0.325469  (      10      15)
          14    0.083151    0.307545  (       5      11)
          15    0.083314    0.216079  (       6      14)
          16    0.083598    0.247257  (       2      11)
          17    0.083656    0.206068  (       9      12)
          18    0.083819    0.228094  (       9      15)
          19    0.084066    0.252394  (       2      12)
          20    0.084153    0.204009  (       9      11)
          21    0.084164    0.303746  (       5      14)
          22    0.084632    0.315272  (       6      19)
          23    0.084711    0.334938  (      10      16)
          24    0.084833    0.212560  (       7      11)
          25    0.084982    0.239001  (       9      16)
          26    0.085229    0.216977  (       7      12)
          27    0.085504    0.314137  (       5      12)
          28    0.085777    0.273801  (       2      13)
          29    0.086038    0.236751  (       7      13)
          30    0.086597    0.239579  (       2      14)
          31    0.086635    0.315642  (      10      14)
          32    0.086919    0.277032  (       2      15)
          33    0.086920    0.251667  (       9      20)
          34    0.087031    0.262906  (       1      11)
          35    0.087090    0.347084  (      10      20)
          36    0.087123    0.232788  (       6      18)
          37    0.087131    0.238425  (       8      11)
          38    0.087177    0.268224  (       1      12)
          39    0.087250    0.239740  (       7      15)
          40    0.087256    0.237701  (       8      12)
          41    0.087521    0.245406  (       8      13)
          42    0.087600    0.289513  (       1      13)
          43    0.088295    0.265367  (       4      11)
          44    0.088313    0.340743  (      10      17)
          45    0.088355    0.274378  (       9      17)
          46    0.088489    0.270745  (       4      12)
          47    0.088505    0.206824  (       7      14)
          48    0.088512    0.292829  (       1      15)
          49    0.088539    0.247642  (       8      15)
          50    0.088677    0.214049  (       9      14)
          51    0.088895    0.250599  (       7      16)
          52    0.088901    0.288356  (       2      16)
          53    0.088974    0.291969  (       4      13)
          54    0.089867    0.304155  (       1      16)
          55    0.089871    0.295306  (       4      15)
          56    0.089876    0.255134  (       8      16)
          57    0.090031    0.277289  (       1      17)
          58    0.090104    0.336688  (       5      13)
          59    0.090494    0.255399  (       1      14)
          60    0.090824    0.245487  (       8      14)
          61    0.091035    0.280069  (       4      17)
          62    0.091048    0.333163  (      10      19)
          63    0.091198    0.306563  (       4      16)
          64    0.091203    0.263012  (       7      20)
          65    0.091524    0.301071  (       2      20)
          66    0.091547    0.267210  (       7      17)
          67    0.091577    0.257831  (       4      14)
          68    0.091770    0.335732  (       9      19)
          69    0.091842    0.316934  (       1      20)
          70    0.091848    0.271445  (       2      17)
          71    0.091852    0.265169  (       8      20)
          72    0.092108    0.342394  (       5      15)
          73    0.092544    0.287369  (       1      19)
          74    0.093117    0.319247  (       4      20)
          75    0.093228    0.270675  (       8      17)
          76    0.093353    0.279892  (       4      19)
          77    0.093525    0.252481  (       3      11)
          78    0.093566    0.259554  (       2      18)
          79    0.093606    0.228104  (       9      18)
          80    0.093722    0.329072  (       7      19)
          81    0.094136    0.250632  (       3      12)
          82    0.094151    0.274677  (       1      18)
          83    0.094931    0.277134  (       4      18)
          84    0.094998    0.355350  (       5      16)
          85    0.095024    0.327765  (       2      19)
          86    0.095154    0.331185  (       8      19)
          87    0.095243    0.252679  (       3      13)
          88    0.095674    0.234356  (       7      18)
          89    0.095771    0.248107  (       3      14)
          90    0.096298    0.267349  (       3      15)
          91    0.097282    0.346389  (       5      19)
          92    0.097437    0.263827  (       8      18)
          93    0.097634    0.276150  (       3      16)
          94    0.098095    0.361835  (       5      17)
          95    0.098296    0.370113  (       5      20)
          96    0.099402    0.283502  (       3      20)
          97    0.099869    0.320583  (       3      17)
          98    0.101367    0.356774  (       5      18)
          99    0.103053    0.362178  (       3      19)
         100    0.103262    0.265946  (       3      18)
