        Rank     LS_RMSE    LS_MaxAE  Feature_ID
           1    0.034150    0.083262  (      10      17      27      35      41      56)
           2    0.034256    0.083800  (      10      17      27      34      41      56)
           3    0.034356    0.085275  (      10      17      26      35      41      56)
           4    0.034454    0.085798  (      10      17      26      34      41      56)
           5    0.034613    0.089123  (      10      17      27      35      41      55)
           6    0.034691    0.090391  (      10      17      26      35      41      55)
           7    0.034809    0.089850  (      10      17      27      34      41      55)
           8    0.034866    0.091098  (      10      17      26      34      41      55)
           9    0.035136    0.092006  (      10      19      26      34      41      51)
          10    0.035173    0.088364  (      10      17      27      35      43      56)
          11    0.035190    0.088554  (      10      17      27      35      42      56)
          12    0.035275    0.090359  (      10      17      26      35      43      56)
          13    0.035297    0.090551  (      10      17      26      35      42      56)
          14    0.035302    0.091713  (      10      19      26      35      41      51)
          15    0.035333    0.089000  (      10      17      27      34      43      56)
          16    0.035354    0.089194  (      10      17      27      34      42      56)
          17    0.035414    0.088220  (      10      19      26      34      41      60)
          18    0.035425    0.090978  (      10      17      26      34      43      56)
          19    0.035451    0.091174  (      10      17      26      34      42      56)
          20    0.035509    0.090729  (      10      19      26      34      41      56)
          21    0.035518    0.090691  (      10      19      27      34      41      51)
          22    0.035523    0.088811  (      10      19      27      34      41      56)
          23    0.035559    0.089211  (      10      19      26      34      41      52)
          24    0.035600    0.090418  (      10      19      26      35      41      56)
          25    0.035602    0.085599  (      10      19      26      34      41      57)
          26    0.035623    0.088488  (      10      19      27      35      41      56)
          27    0.035681    0.088221  (      10      19      26      35      41      60)
          28    0.035687    0.090388  (      10      19      27      35      41      51)
          29    0.035743    0.095518  (      10      17      26      35      43      55)
          30    0.035762    0.083398  (      10      19      26      34      41      59)
          31    0.035765    0.095712  (      10      17      26      35      42      55)
          32    0.035768    0.089117  (      10      19      26      35      41      52)
          33    0.035785    0.094288  (      10      17      27      35      43      55)
          34    0.035803    0.094480  (      10      17      27      35      42      55)
          35    0.035886    0.085773  (      10      19      26      35      41      57)
          36    0.035974    0.096339  (      10      17      26      34      43      55)
          37    0.035981    0.095105  (      10      19      26      34      41      55)
          38    0.036000    0.094595  (      10      19      26      35      41      55)
          39    0.036001    0.096537  (      10      17      26      34      42      55)
          40    0.036041    0.095131  (      10      17      27      34      43      55)
          41    0.036042    0.083711  (      10      19      26      35      41      59)
          42    0.036054    0.080751  (      10      19      26      34      41      58)
          43    0.036062    0.095326  (      10      17      27      34      42      55)
          44    0.036077    0.089174  (      10      17      27      35      45      56)
          45    0.036085    0.089146  (      10      17      27      35      44      56)
          46    0.036110    0.091134  (      10      17      26      35      45      56)
          47    0.036118    0.091105  (      10      17      26      35      44      56)
          48    0.036128    0.087502  (      10      19      27      34      41      52)
          49    0.036154    0.093972  (      10      19      27      34      41      55)
          50    0.036165    0.093444  (      10      19      27      35      41      55)
          51    0.036185    0.089796  (      10      17      27      35      47      56)
          52    0.036192    0.089767  (      10      17      27      35      46      56)
          53    0.036193    0.091754  (      10      17      26      35      47      56)
          54    0.036201    0.091724  (      10      17      26      35      46      56)
          55    0.036275    0.090248  (      10      17      27      35      49      56)
          56    0.036279    0.092089  (      10      17      26      35      48      56)
          57    0.036280    0.090138  (      10      17      27      35      48      56)
          58    0.036283    0.092201  (      10      17      26      35      49      56)
          59    0.036330    0.089857  (      10      17      27      34      44      56)
          60    0.036331    0.089890  (      10      17      27      34      45      56)
          61    0.036334    0.086709  (      10      19      27      34      41      60)
          62    0.036343    0.087402  (      10      19      27      35      41      52)
          63    0.036352    0.091798  (      10      17      26      34      44      56)
          64    0.036352    0.091832  (      10      17      26      34      45      56)
          65    0.036410    0.081422  (      10      19      26      35      41      58)
          66    0.036446    0.092460  (      10      17      26      34      47      56)
          67    0.036446    0.092426  (      10      17      26      34      46      56)
          68    0.036449    0.090487  (      10      17      27      34      46      56)
          69    0.036449    0.090521  (      10      17      27      34      47      56)
          70    0.036450    0.082510  (      10      19      26      35      41      54)
          71    0.036477    0.082555  (      10      19      26      35      41      53)
          72    0.036510    0.092888  (      10      17      26      34      49      56)
          73    0.036513    0.090953  (      10      17      27      34      49      56)
          74    0.036541    0.092797  (      10      17      26      34      48      56)
          75    0.036553    0.090864  (      10      17      27      34      48      56)
          76    0.036597    0.086709  (      10      19      27      35      41      60)
          77    0.036615    0.083823  (      10      19      27      34      41      57)
          78    0.036620    0.096177  (      10      17      26      35      45      55)
          79    0.036625    0.096139  (      10      17      26      35      44      55)
          80    0.036702    0.092952  (      10      17      26      35      50      56)
          81    0.036707    0.096764  (      10      17      26      35      47      55)
          82    0.036712    0.096726  (      10      17      26      35      46      55)
          83    0.036727    0.086317  (      10      17      26      34      41      60)
          84    0.036736    0.094980  (      10      17      27      35      45      55)
          85    0.036740    0.094941  (      10      17      27      35      44      55)
          86    0.036763    0.091012  (      10      17      27      35      50      56)
          87    0.036786    0.097223  (      10      17      26      35      49      55)
          88    0.036793    0.097118  (      10      17      26      35      48      55)
          89    0.036815    0.087092  (      10      17      26      35      41      60)
          90    0.036848    0.095570  (      10      17      27      35      47      55)
          91    0.036851    0.098364  (      10      19      26      34      43      51)
          92    0.036853    0.095532  (      10      17      27      35      46      55)
          93    0.036860    0.098551  (      10      19      26      34      42      51)
          94    0.036872    0.086076  (      10      17      26      34      41      57)
          95    0.036879    0.081455  (      10      19      27      34      41      59)
          96    0.036893    0.084001  (      10      19      27      35      41      57)
          97    0.036909    0.084612  (      10      17      26      34      41      58)
          98    0.036925    0.096029  (      10      17      27      35      49      55)
          99    0.036929    0.090949  (      10      17      26      35      41      51)
         100    0.036939    0.097036  (      10      17      26      34      44      55)
