    0.58700E-01
    0.23460E-01
    0.45130E-01
    0.41670E-01
    0.13400E-01
    0.40692E-01
   -0.10792E+00
   -0.47866E+00
    0.15789E+00
    0.97100E-01
    0.35360E-01
    0.10669E+00
   -0.33340E-01
   -0.45370E-01
   -0.18537E+00
   -0.30800E-02
    0.60510E-01
    0.72820E-01
   -0.28843E+00
    0.15270E-01
    0.12196E+00
    0.68820E-01
   -0.46020E-01
    0.84710E-01
    0.40860E-01
    0.59100E-02
   -0.83040E-01
    0.13850E-01
   -0.21870E-01
    0.60740E-01
    0.98700E-02
    0.33900E-02
    0.89040E-01
    0.66850E-01
    0.61800E-02
   -0.90260E-01
    0.24366E+00
    0.11980E+00
   -0.23387E+00
   -0.52610E-01
    0.70610E-01
   -0.17644E-01
   -0.87460E-01
