    0.36400E-01
    0.16790E-01
    0.86430E-02
    0.74430E-01
    0.74880E-01
    0.42408E-01
   -0.53175E-01
   -0.86440E-01
    0.10887E+00
    0.48070E-01
   -0.91800E-02
    0.49730E-01
   -0.10770E-01
    0.31700E-01
   -0.11926E+00
    0.47620E-01
   -0.50640E-01
    0.17360E-01
   -0.95810E-01
   -0.18660E-01
   -0.25670E-01
   -0.73400E-02
   -0.46990E-01
    0.53460E-01
    0.52800E-02
    0.89180E-01
    0.15060E-01
   -0.34290E-01
   -0.95420E-01
    0.58000E-03
   -0.68100E-01
    0.46170E-01
   -0.23080E-01
    0.29390E-01
   -0.13960E+00
   -0.60240E-01
    0.10790E-01
    0.84600E-02
    0.88100E-01
    0.11233E+00
    0.62930E-01
   -0.99362E-01
   -0.34600E-01
