    0.24146E-01
   -0.15920E-01
    0.16003E-01
    0.56690E-01
    0.28800E-01
    0.56090E-01
   -0.11215E-01
   -0.42400E-01
   -0.10280E-01
    0.47730E-01
   -0.21040E-01
    0.62860E-01
   -0.23160E-01
    0.25700E-02
   -0.14745E+00
    0.45010E-01
   -0.22530E-01
    0.96600E-01
   -0.10430E-01
   -0.39800E-01
   -0.52900E-02
   -0.22770E-01
   -0.26540E-01
    0.33440E-01
   -0.14320E-01
    0.45410E-01
   -0.45270E-01
   -0.50170E-01
   -0.98450E-01
    0.00000E+00
   -0.35990E-01
    0.51190E-01
   -0.41200E-02
    0.11680E-01
   -0.81860E-01
   -0.65950E-01
    0.94590E-01
    0.20490E-01
    0.27940E-01
    0.75980E-01
    0.65240E-01
   -0.11075E-01
   -0.56440E-01
