    0.56070E-01
    0.18390E-01
    0.45040E-01
    0.50190E-01
    0.22850E-01
    0.48990E-01
   -0.84166E-01
   -0.54100E-01
    0.25964E+00
    0.82650E-01
    0.17350E-01
    0.94700E-01
   -0.90790E-01
   -0.55030E-01
   -0.19907E+00
   -0.12880E-01
   -0.95800E-02
    0.91430E-01
   -0.15689E+00
   -0.62300E-02
    0.53290E-01
    0.16020E-01
   -0.64220E-01
    0.66180E-01
    0.21960E-01
    0.69700E-02
   -0.81770E-01
   -0.39600E-02
   -0.44900E-01
    0.44570E-01
   -0.13010E-01
   -0.71520E-01
    0.15740E-01
    0.10860E-01
   -0.25340E-01
   -0.15988E+00
    0.15743E+00
    0.57270E-01
   -0.10270E-01
    0.66440E-01
   -0.19500E-02
   -0.43530E-02
   -0.15405E+00
