    0.37860E-02
   -0.10020E-01
   -0.27987E-01
   -0.91000E-04
    0.11290E-01
   -0.40965E-01
   -0.28273E-01
    0.13100E-01
    0.39200E-02
    0.43680E-01
   -0.10030E-01
    0.38950E-01
   -0.42400E-02
    0.41480E-01
   -0.10050E+00
    0.51900E-01
   -0.34630E-01
    0.48300E-01
   -0.44020E-01
    0.51790E-01
   -0.22110E-01
    0.39600E-02
   -0.15010E-01
    0.75250E-01
    0.32480E-01
    0.72560E-01
    0.78000E-02
   -0.20490E-01
   -0.75400E-01
    0.11050E-01
   -0.51870E-01
    0.21140E-01
    0.13900E-02
    0.60000E-01
   -0.79260E-01
   -0.61630E-01
    0.21440E-01
    0.19210E-01
   -0.88000E-02
   -0.24510E-01
    0.44060E-01
    0.12870E-01
   -0.31600E-01
