        Rank     LS_RMSE    LS_MaxAE  Feature_ID
           1    0.061506    0.139964  (      10      15      26)
           2    0.062222    0.140806  (       5      15      26)
           3    0.063097    0.142770  (       8      15      26)
           4    0.063962    0.175683  (       3      15      26)
           5    0.064162    0.175996  (       7      15      26)
           6    0.064222    0.139071  (      10      15      23)
           7    0.064887    0.142958  (       1      15      26)
           8    0.065139    0.139268  (       5      15      23)
           9    0.065318    0.144927  (       2      15      26)
          10    0.065351    0.179798  (       7      15      23)
          11    0.065395    0.179694  (       3      15      23)
          12    0.066471    0.140954  (       8      15      23)
          13    0.066813    0.142203  (       1      15      23)
          14    0.067699    0.143916  (       2      15      23)
          15    0.067950    0.224211  (       8      19      26)
          16    0.067967    0.232977  (       8      19      23)
          17    0.068042    0.178363  (       4      15      26)
          18    0.068086    0.177238  (       9      15      26)
          19    0.068282    0.231307  (       5      19      23)
          20    0.068591    0.241160  (       4      15      21)
          21    0.068718    0.222452  (       5      19      26)
          22    0.068898    0.248298  (      10      12      26)
          23    0.069069    0.142373  (       5      15      28)
          24    0.069113    0.181498  (       9      15      23)
          25    0.069287    0.182959  (       4      15      23)
          26    0.069490    0.242076  (       9      15      21)
          27    0.069596    0.157648  (       6      15      26)
          28    0.069639    0.241307  (       3      15      21)
          29    0.069676    0.254209  (      10      12      23)
          30    0.069845    0.143526  (       8      15      28)
          31    0.069950    0.242679  (       7      15      21)
          32    0.070080    0.181952  (       3      15      28)
          33    0.070332    0.196215  (      10      19      23)
          34    0.070335    0.200955  (       3      15      22)
          35    0.070762    0.183829  (       7      15      28)
          36    0.070950    0.285965  (       5      12      26)
          37    0.070977    0.206378  (       7      15      22)
          38    0.071227    0.204809  (       3      15      27)
          39    0.071266    0.187054  (      10      19      26)
          40    0.071342    0.244628  (      10      14      23)
          41    0.071353    0.201801  (       3      15      24)
          42    0.071447    0.201876  (       3      15      25)
          43    0.071451    0.201178  (       3      12      29)
          44    0.071467    0.203609  (       4      15      22)
          45    0.071604    0.236624  (      10      14      26)
          46    0.071606    0.288745  (       8      12      26)
          47    0.071634    0.161961  (       6      15      23)
          48    0.071840    0.204885  (       3      15      29)
          49    0.071916    0.203342  (       3      15      30)
          50    0.071918    0.210323  (       7      15      27)
          51    0.071963    0.207206  (       7      15      24)
          52    0.072015    0.245901  (      10      18      23)
          53    0.072022    0.197613  (       3      12      25)
          54    0.072059    0.207279  (       7      15      25)
          55    0.072074    0.291534  (       5      12      23)
          56    0.072207    0.197498  (       3      12      24)
          57    0.072296    0.237797  (      10      18      26)
          58    0.072337    0.200611  (       4      12      25)
          59    0.072488    0.208813  (       7      15      30)
          60    0.072509    0.200503  (       4      12      24)
          61    0.072512    0.210383  (       7      15      29)
          62    0.072538    0.204418  (       4      15      24)
          63    0.072641    0.204489  (       4      15      25)
          64    0.072702    0.208952  (       9      15      22)
          65    0.072872    0.206639  (       7      12      29)
          66    0.072945    0.200577  (       3      12      27)
          67    0.073064    0.198965  (       3      12      30)
          68    0.073138    0.294147  (       8      12      23)
          69    0.073299    0.202962  (       7      12      25)
          70    0.073368    0.153832  (       1      15      21)
          71    0.073484    0.202849  (       7      12      24)
          72    0.073734    0.205786  (       4      15      30)
          73    0.073744    0.209736  (       9      15      24)
          74    0.073846    0.209806  (       9      15      25)
          75    0.073947    0.153264  (       2      15      21)
          76    0.074088    0.201794  (       4      12      30)
          77    0.074112    0.205921  (       9      12      25)
          78    0.074135    0.203455  (       4      12      29)
          79    0.074200    0.196013  (       3      12      22)
          80    0.074284    0.205814  (       9      12      24)
          81    0.074344    0.199092  (       4      12      22)
          82    0.074354    0.204394  (       7      12      30)
          83    0.074399    0.206050  (       7      12      27)
          84    0.074404    0.206803  (       4      15      27)
          85    0.074527    0.218450  (       3      19      24)
          86    0.074595    0.218625  (       3      19      25)
          87    0.074842    0.206898  (       4      15      29)
          88    0.074938    0.211139  (       9      15      30)
          89    0.074945    0.217812  (       3      19      22)
          90    0.075062    0.258210  (       1      12      26)
          91    0.075174    0.259346  (       2      12      26)
          92    0.075211    0.212072  (       8      19      28)
          93    0.075389    0.275797  (       5      14      26)
          94    0.075417    0.262549  (       1      12      23)
          95    0.075498    0.217983  (       8      19      21)
          96    0.075540    0.200453  (       3      18      29)
          97    0.075565    0.201386  (       7      12      22)
          98    0.075586    0.202887  (       4      12      27)
          99    0.075624    0.339270  (       6      12      26)
         100    0.075679    0.212168  (       9      15      27)
