        Rank     LS_RMSE    LS_MaxAE  Feature_ID
           1    0.042991    0.098664  (      10      15      23      33      41)
           2    0.043257    0.104200  (      10      15      23      33      42)
           3    0.043351    0.109694  (      10      15      26      33      41)
           4    0.043361    0.106057  (      10      15      23      33      43)
           5    0.043413    0.100979  (      10      15      23      33      45)
           6    0.043444    0.105835  (      10      15      23      33      47)
           7    0.043464    0.106536  (      10      15      23      33      44)
           8    0.043482    0.106220  (      10      15      23      33      48)
           9    0.043605    0.100885  (      10      15      23      33      49)
          10    0.043659    0.116250  (      10      15      23      33      46)
          11    0.043659    0.116250  (      10      15      22      23      33)
          12    0.043682    0.116523  (      10      15      23      27      33)
          13    0.043753    0.110476  (      10      15      26      33      45)
          14    0.043796    0.110891  (      10      15      26      33      42)
          15    0.043809    0.088102  (       7      15      26      31      46)
          16    0.043809    0.088102  (       7      15      22      26      31)
          17    0.043820    0.110487  (      10      15      26      33      43)
          18    0.043867    0.094799  (       3      15      26      31      46)
          19    0.043867    0.094799  (       3      15      22      26      31)
          20    0.043872    0.088383  (       7      15      26      32      46)
          21    0.043872    0.088383  (       7      15      22      26      32)
          22    0.043874    0.117257  (      10      15      23      29      33)
          23    0.043899    0.110533  (      10      15      26      33      49)
          24    0.043902    0.110832  (      10      15      26      33      47)
          25    0.043928    0.110827  (      10      15      26      33      48)
          26    0.043937    0.094710  (       3      15      26      32      46)
          27    0.043937    0.094710  (       3      15      22      26      32)
          28    0.043983    0.114776  (      10      15      23      33      50)
          29    0.043998    0.120075  (      10      15      26      31      37)
          30    0.044018    0.111107  (      10      15      26      33      44)
          31    0.044020    0.092996  (       7      15      24      26      31)
          32    0.044037    0.120039  (      10      15      26      32      37)
          33    0.044042    0.092248  (       7      15      25      26      31)
          34    0.044050    0.115205  (      10      15      23      30      33)
          35    0.044088    0.117667  (      10      15      23      24      33)
          36    0.044088    0.092902  (       7      15      24      26      32)
          37    0.044100    0.117759  (      10      15      23      25      33)
          38    0.044110    0.092155  (       7      15      25      26      32)
          39    0.044116    0.100984  (       3      15      24      26      31)
          40    0.044137    0.100233  (       3      15      25      26      31)
          41    0.044191    0.100886  (       3      15      24      26      32)
          42    0.044212    0.100136  (       3      15      25      26      32)
          43    0.044292    0.121931  (      10      15      23      31      37)
          44    0.044310    0.094210  (       3      15      21      28      30)
          45    0.044364    0.121912  (      10      15      23      32      37)
          46    0.044367    0.096519  (       7      15      21      28      30)
          47    0.044428    0.095061  (       3      15      21      28      50)
          48    0.044453    0.117206  (      10      15      22      26      33)
          49    0.044453    0.117206  (      10      15      26      33      46)
          50    0.044498    0.097377  (       7      15      21      28      50)
          51    0.044509    0.104018  (       7      15      26      30      31)
          52    0.044510    0.112132  (       5      15      26      33      41)
          53    0.044562    0.103946  (       7      15      26      31      42)
          54    0.044564    0.103918  (       7      15      26      30      32)
          55    0.044606    0.103853  (       7      15      26      32      42)
          56    0.044616    0.117465  (      10      15      26      27      33)
          57    0.044646    0.110465  (       7      15      26      31      41)
          58    0.044646    0.111959  (       3      15      26      30      31)
          59    0.044651    0.102223  (       7      15      26      31      44)
          60    0.044660    0.107502  (       7      15      26      31      50)
          61    0.044669    0.112017  (       3      15      26      31      42)
          62    0.044681    0.098659  (       3      15      21      27      28)
          63    0.044684    0.110373  (       7      15      26      32      41)
          64    0.044695    0.102131  (       7      15      26      32      44)
          65    0.044707    0.111855  (       3      15      26      30      32)
          66    0.044713    0.107399  (       7      15      26      32      50)
          67    0.044720    0.111921  (       3      15      26      32      42)
          68    0.044725    0.115838  (      10      15      26      33      50)
          69    0.044752    0.110302  (       3      15      26      31      44)
          70    0.044785    0.115460  (       3      15      26      31      50)
          71    0.044788    0.116252  (      10      15      26      30      33)
          72    0.044791    0.118512  (       3      15      26      31      41)
          73    0.044793    0.099153  (       3      15      21      28      44)
          74    0.044802    0.110207  (       3      15      26      32      44)
          75    0.044836    0.118416  (       3      15      26      32      41)
          76    0.044839    0.118164  (      10      15      26      29      33)
          77    0.044845    0.115354  (       3      15      26      32      50)
          78    0.044857    0.101460  (       7      15      26      27      31)
          79    0.044864    0.102182  (       7      15      22      23      31)
          80    0.044864    0.102182  (       7      15      23      31      46)
          81    0.044871    0.096092  (       3      15      21      28      29)
          82    0.044873    0.109626  (       3      15      26      27      31)
          83    0.044894    0.118574  (      10      15      24      26      33)
          84    0.044897    0.113496  (       5      15      26      33      42)
          85    0.044898    0.100885  (       7      15      21      27      28)
          86    0.044908    0.101365  (       7      15      26      27      32)
          87    0.044912    0.101485  (       7      15      21      28      44)
          88    0.044918    0.118660  (      10      15      25      26      33)
          89    0.044931    0.109527  (       3      15      26      27      32)
          90    0.044947    0.102139  (       7      15      22      23      32)
          91    0.044947    0.102139  (       7      15      23      32      46)
          92    0.044953    0.107374  (       8      15      26      33      41)
          93    0.044960    0.104542  (       7      15      26      31      43)
          94    0.044965    0.100226  (       7      15      26      29      31)
          95    0.044991    0.113015  (       5      15      26      33      43)
          96    0.044996    0.100336  (       3      15      21      28      42)
          97    0.045000    0.104451  (       7      15      26      32      43)
          98    0.045003    0.108325  (       3      15      26      29      31)
          99    0.045018    0.100130  (       7      15      26      29      32)
         100    0.045026    0.109075  (       7      15      23      24      31)
