        Rank     LS_RMSE    LS_MaxAE  Feature_ID
           1    0.121456    0.456261  (       1)
           2    0.121553    0.458058  (       2)
           3    0.121981    0.476403  (       3)
           4    0.122073    0.481217  (       4)
           5    0.122933    0.497089  (       5)
           6    0.123190    0.468052  (       6)
           7    0.123699    0.481686  (       7)
           8    0.123732    0.500522  (       8)
           9    0.124083    0.486525  (       9)
          10    0.124766    0.437468  (      10)
