        Rank     LS_RMSE    LS_MaxAE  Feature_ID
           1    0.037381    0.086051  (      10      15      26      31      37      41)
           2    0.037433    0.085595  (      10      15      26      32      37      41)
           3    0.037467    0.088756  (      10      15      23      31      37      41)
           4    0.037558    0.088347  (      10      15      23      32      37      41)
           5    0.037701    0.090386  (      10      15      23      31      37      46)
           6    0.037701    0.090386  (      10      15      22      23      31      37)
           7    0.037798    0.081833  (       3      15      23      24      31      51)
           8    0.037809    0.089950  (      10      15      22      23      32      37)
           9    0.037809    0.089950  (      10      15      23      32      37      46)
          10    0.037861    0.082087  (       3      15      23      24      32      51)
          11    0.037864    0.082029  (       3      15      23      25      31      51)
          12    0.037879    0.086595  (      10      15      26      31      37      45)
          13    0.037882    0.088890  (      10      15      23      31      37      42)
          14    0.037928    0.082283  (       3      15      23      25      32      51)
          15    0.037929    0.086140  (      10      15      26      32      37      45)
          16    0.037937    0.086332  (      10      15      26      31      37      42)
          17    0.037958    0.086460  (      10      15      26      31      37      43)
          18    0.037958    0.089071  (      10      15      23      31      37      43)
          19    0.037961    0.089288  (      10      15      23      31      37      45)
          20    0.037976    0.088477  (      10      15      23      32      37      42)
          21    0.037979    0.089581  (      10      15      23      31      37      47)
          22    0.037979    0.086966  (      10      15      26      31      37      47)
          23    0.037988    0.086557  (      10      15      26      31      37      49)
          24    0.037992    0.088025  (      10      15      22      26      31      37)
          25    0.037992    0.088025  (      10      15      26      31      37      46)
          26    0.037993    0.085872  (      10      15      26      32      37      42)
          27    0.038011    0.086001  (      10      15      26      32      37      43)
          28    0.038033    0.086506  (      10      15      26      32      37      47)
          29    0.038033    0.086901  (      10      15      26      31      37      48)
          30    0.038036    0.086104  (      10      15      26      32      37      49)
          31    0.038037    0.089516  (      10      15      23      31      37      48)
          32    0.038049    0.088880  (      10      15      23      32      37      45)
          33    0.038050    0.088658  (      10      15      23      32      37      43)
          34    0.038060    0.087540  (      10      15      26      32      37      46)
          35    0.038060    0.087540  (      10      15      22      26      32      37)
          36    0.038071    0.089167  (      10      15      23      32      37      47)
          37    0.038080    0.084724  (       7      15      23      24      31      51)
          38    0.038086    0.086442  (      10      15      26      32      37      48)
          39    0.038097    0.089749  (      10      15      23      31      37      44)
          40    0.038104    0.089277  (      10      15      23      31      37      49)
          41    0.038109    0.080085  (       3      15      23      31      46      51)
          42    0.038109    0.080085  (       3      15      22      23      31      51)
          43    0.038128    0.089103  (      10      15      23      32      37      48)
          44    0.038135    0.084971  (       7      15      23      24      32      51)
          45    0.038143    0.084918  (       7      15      23      25      31      51)
          46    0.038147    0.090512  (      10      15      23      24      31      37)
          47    0.038166    0.080334  (       3      15      22      23      32      51)
          48    0.038166    0.080334  (       3      15      23      32      46      51)
          49    0.038167    0.087181  (      10      15      26      31      37      44)
          50    0.038185    0.090432  (      10      15      23      25      31      37)
          51    0.038190    0.088871  (      10      15      23      32      37      49)
          52    0.038190    0.089334  (      10      15      23      32      37      44)
          53    0.038198    0.085164  (       7      15      23      25      32      51)
          54    0.038220    0.083879  (       3      15      23      31      50      51)
          55    0.038222    0.086720  (      10      15      26      32      37      44)
          56    0.038226    0.074056  (       5      15      26      31      37      41)
          57    0.038244    0.094350  (      10      15      23      37      53      60)
          58    0.038244    0.094350  (      10      15      21      23      37      53)
          59    0.038257    0.090072  (      10      15      23      24      32      37)
          60    0.038266    0.084109  (       3      15      23      32      50      51)
          61    0.038295    0.074339  (       5      15      26      32      37      41)
          62    0.038295    0.089992  (      10      15      23      25      32      37)
          63    0.038304    0.083653  (       3      15      23      30      31      51)
          64    0.038351    0.083885  (       3      15      23      30      32      51)
          65    0.038385    0.073364  (       8      15      26      31      37      41)
          66    0.038403    0.088099  (      10      15      24      26      31      37)
          67    0.038423    0.083018  (       7      15      22      23      31      51)
          68    0.038423    0.083018  (       7      15      23      31      46      51)
          69    0.038453    0.088029  (      10      15      25      26      31      37)
          70    0.038465    0.073184  (       8      15      26      32      37      41)
          71    0.038473    0.083259  (       7      15      22      23      32      51)
          72    0.038473    0.083259  (       7      15      23      32      46      51)
          73    0.038474    0.087611  (      10      15      24      26      32      37)
          74    0.038481    0.086805  (       7      15      23      31      50      51)
          75    0.038486    0.088288  (       3      15      24      26      31      51)
          76    0.038519    0.087028  (       7      15      23      32      50      51)
          77    0.038524    0.087540  (      10      15      25      26      32      37)
          78    0.038531    0.088571  (       3      15      24      26      32      51)
          79    0.038532    0.084217  (       3      15      23      27      31      51)
          80    0.038540    0.086561  (       7      15      23      30      31      51)
          81    0.038556    0.088491  (       3      15      25      26      31      51)
          82    0.038575    0.084444  (       3      15      23      27      32      51)
          83    0.038579    0.086786  (       7      15      23      30      32      51)
          84    0.038602    0.088774  (       3      15      25      26      32      51)
          85    0.038609    0.086565  (       3      15      22      26      31      51)
          86    0.038609    0.086565  (       3      15      26      31      46      51)
          87    0.038617    0.095892  (      10      15      21      23      37      57)
          88    0.038617    0.095892  (      10      15      23      37      57      60)
          89    0.038649    0.086844  (       3      15      26      32      46      51)
          90    0.038649    0.086844  (       3      15      22      26      32      51)
          91    0.038654    0.084975  (       3      15      23      29      31      51)
          92    0.038682    0.095845  (      10      15      23      37      55      60)
          93    0.038682    0.095845  (      10      15      21      23      37      55)
          94    0.038700    0.085205  (       3      15      23      29      32      51)
          95    0.038705    0.098404  (      10      15      23      33      41      60)
          96    0.038705    0.098404  (      10      15      21      23      33      41)
          97    0.038758    0.090509  (      10      15      23      30      31      37)
          98    0.038762    0.077925  (       5      15      26      31      37      42)
          99    0.038779    0.090815  (      10      15      23      31      37      50)
         100    0.038781    0.090646  (      10      15      23      27      31      37)
