        Rank     LS_RMSE    LS_MaxAE  Feature_ID
           1    0.084417    0.259297  (       3      15)
           2    0.085143    0.260908  (       7      15)
           3    0.085184    0.259535  (       4      15)
           4    0.086397    0.260656  (       9      15)
           5    0.090048    0.319041  (       4      12)
           6    0.090054    0.224057  (       8      20)
           7    0.090070    0.324553  (       3      12)
           8    0.091069    0.220718  (       5      20)
           9    0.091394    0.329297  (       7      12)
          10    0.091756    0.323912  (       9      12)
          11    0.092132    0.227338  (       8      19)
          12    0.092635    0.226693  (       5      19)
          13    0.093319    0.214200  (       5      12)
          14    0.093798    0.217319  (       8      12)
          15    0.093877    0.202486  (       5      15)
          16    0.094487    0.203719  (       8      15)
          17    0.095619    0.254688  (       1      15)
          18    0.095647    0.255725  (       2      15)
          19    0.096256    0.206220  (       5      14)
          20    0.096269    0.238406  (       2      12)
          21    0.096429    0.237319  (       1      12)
          22    0.096770    0.209367  (       8      14)
          23    0.096802    0.284249  (       3      19)
          24    0.096896    0.313182  (       4      14)
          25    0.097113    0.318757  (       3      14)
          26    0.097276    0.206264  (       5      18)
          27    0.097321    0.195014  (       5      16)
          28    0.097783    0.209424  (       8      18)
          29    0.097875    0.234455  (       2      14)
          30    0.097931    0.212139  (       8      16)
          31    0.098033    0.233348  (       1      14)
          32    0.098155    0.313250  (       4      18)
          33    0.098342    0.318821  (       3      18)
          34    0.098455    0.275547  (       6      12)
          35    0.098551    0.234556  (       2      18)
          36    0.098562    0.323555  (       7      14)
          37    0.098699    0.318106  (       9      14)
          38    0.098716    0.233443  (       1      18)
          39    0.098738    0.289015  (       7      19)
          40    0.098750    0.247713  (       2      19)
          41    0.098801    0.224451  (       2      20)
          42    0.098941    0.227263  (       2      16)
          43    0.098949    0.336968  (       3      20)
          44    0.099033    0.226153  (       1      16)
          45    0.099074    0.355014  (       1      11)
          46    0.099297    0.365056  (       1      13)
          47    0.099788    0.323637  (       7      18)
          48    0.099792    0.305293  (       4      16)
          49    0.099806    0.246114  (       1      19)
          50    0.099950    0.318192  (       9      18)
          51    0.100176    0.354825  (       1      17)
          52    0.100220    0.311027  (       3      16)
          53    0.100224    0.223343  (       1      20)
          54    0.100348    0.257241  (       6      15)
          55    0.100497    0.369894  (       2      13)
          56    0.100971    0.362139  (       2      11)
          57    0.101147    0.341805  (       7      20)
          58    0.101730    0.259906  (       6      16)
          59    0.101737    0.310237  (       9      16)
          60    0.101814    0.315852  (       7      16)
          61    0.102030    0.268865  (       6      14)
          62    0.102315    0.363005  (       2      17)
          63    0.103236    0.265490  (      10      12)
          64    0.103318    0.268784  (       6      18)
          65    0.103619    0.253725  (      10      20)
          66    0.104599    0.280343  (      10      15)
          67    0.104864    0.262102  (      10      14)
          68    0.105116    0.255938  (      10      16)
          69    0.105162    0.282180  (       4      19)
          70    0.105604    0.262166  (      10      18)
          71    0.106118    0.275176  (      10      19)
          72    0.107067    0.286935  (       9      19)
          73    0.109698    0.357357  (      10      11)
          74    0.109732    0.407549  (       3      11)
          75    0.109776    0.323870  (       4      20)
          76    0.109914    0.406751  (       7      11)
          77    0.109916    0.405899  (       3      17)
          78    0.109993    0.404542  (       7      17)
          79    0.110010    0.270293  (       6      19)
          80    0.110235    0.447177  (       2       4)
          81    0.110254    0.356202  (      10      17)
          82    0.110537    0.368036  (      10      13)
          83    0.110649    0.413079  (       4      17)
          84    0.110706    0.447138  (       1       4)
          85    0.110816    0.278509  (       6      20)
          86    0.111209    0.449079  (       2       9)
          87    0.111347    0.417813  (       4      11)
          88    0.111614    0.431107  (       5      11)
          89    0.111624    0.329227  (       9      20)
          90    0.111724    0.414134  (       9      17)
          91    0.111735    0.449081  (       1       9)
          92    0.111841    0.429920  (       5      17)
          93    0.112037    0.437494  (       4      10)
          94    0.112608    0.419627  (       9      11)
          95    0.113078    0.472554  (       4       8)
          96    0.113176    0.439133  (       9      10)
          97    0.113242    0.443672  (       5      13)
          98    0.113245    0.472013  (       4       5)
          99    0.113576    0.438521  (       8      11)
         100    0.113621    0.428217  (       3      13)
