        Rank     LS_RMSE    LS_MaxAE  Feature_ID
           1    0.050379    0.129346  (      10      15      23      33)
           2    0.050489    0.128636  (      10      15      26      33)
           3    0.051656    0.112482  (      10      15      26      31)
           4    0.051684    0.111837  (      10      15      26      32)
           5    0.051868    0.123814  (       4      15      21      22)
           6    0.051886    0.150452  (       3      15      22      26)
           7    0.052019    0.154094  (       7      15      22      26)
           8    0.052077    0.150596  (       3      15      26      30)
           9    0.052125    0.154279  (       7      15      26      30)
          10    0.052129    0.152711  (       3      15      26      27)
          11    0.052199    0.150120  (       3      15      24      26)
          12    0.052215    0.150077  (       3      15      25      26)
          13    0.052230    0.137348  (       8      19      23      24)
          14    0.052247    0.137405  (       8      19      23      25)
          15    0.052290    0.156377  (       7      15      26      27)
          16    0.052296    0.153748  (       7      15      24      26)
          17    0.052313    0.153701  (       7      15      25      26)
          18    0.052339    0.152207  (       3      15      26      29)
          19    0.052469    0.148128  (       7      15      22      23)
          20    0.052480    0.155863  (       7      15      26      29)
          21    0.052605    0.148089  (       7      15      23      30)
          22    0.052614    0.150234  (       7      15      23      27)
          23    0.052638    0.144666  (       3      15      22      23)
          24    0.052696    0.147578  (       7      15      23      24)
          25    0.052704    0.147506  (       7      15      23      25)
          26    0.052763    0.146743  (       3      15      23      27)
          27    0.052777    0.149598  (       7      15      23      29)
          28    0.052799    0.120968  (       9      15      21      22)
          29    0.052829    0.123070  (       4      15      21      24)
          30    0.052865    0.148418  (       8      19      24      26)
          31    0.052868    0.142914  (       5      19      23      24)
          32    0.052873    0.144571  (       3      15      23      30)
          33    0.052892    0.138319  (       2      15      26      40)
          34    0.052898    0.142899  (       5      19      23      25)
          35    0.052904    0.148445  (       8      19      25      26)
          36    0.052906    0.144120  (       3      15      23      24)
          37    0.052915    0.144050  (       3      15      23      25)
          38    0.052921    0.122965  (       4      15      21      25)
          39    0.052951    0.146111  (       3      15      23      29)
          40    0.052952    0.123988  (       3      15      21      27)
          41    0.052967    0.128035  (       3      15      21      22)
          42    0.053048    0.124321  (       1      15      23      33)
          43    0.053106    0.130304  (       7      15      21      22)
          44    0.053110    0.142383  (       1      15      26      40)
          45    0.053125    0.126228  (       7      15      21      27)
          46    0.053248    0.124721  (       2      15      23      33)
          47    0.053254    0.140551  (      10      15      23      37)
          48    0.053366    0.125487  (       2      15      26      33)
          49    0.053534    0.139231  (       8      19      23      30)
          50    0.053547    0.124389  (       4      15      21      30)
          51    0.053599    0.121954  (       3      15      21      29)
          52    0.053612    0.137678  (       2      15      26      39)
          53    0.053613    0.124335  (       1      15      26      33)
          54    0.053708    0.147248  (       5      15      26      33)
          55    0.053722    0.121520  (       9      15      21      24)
          56    0.053731    0.138089  (       8      19      22      23)
          57    0.053750    0.124190  (       7      15      21      29)
          58    0.053767    0.145494  (      10      15      26      34)
          59    0.053771    0.121066  (       3      15      21      30)
          60    0.053780    0.141900  (       1      15      26      39)
          61    0.053794    0.148893  (      10      15      26      37)
          62    0.053805    0.123222  (       7      15      21      30)
          63    0.053811    0.121567  (       9      15      21      25)
          64    0.053833    0.125330  (       3      15      21      24)
          65    0.053838    0.118587  (      10      15      26      35)
          66    0.053912    0.125081  (       3      15      21      25)
          67    0.053934    0.127604  (       7      15      21      24)
          68    0.053985    0.133877  (      10      15      26      40)
          69    0.054012    0.132828  (       1      15      23      40)
          70    0.054014    0.127351  (       7      15      21      25)
          71    0.054044    0.145610  (      10      15      26      36)
          72    0.054044    0.154131  (       5      19      24      26)
          73    0.054069    0.147336  (       8      15      26      33)
          74    0.054095    0.154151  (       5      19      25      26)
          75    0.054112    0.114180  (       5      15      26      31)
          76    0.054153    0.114219  (       5      15      26      32)
          77    0.054226    0.150354  (       8      19      26      30)
          78    0.054260    0.144854  (       5      19      23      30)
          79    0.054266    0.128752  (       2      15      23      40)
          80    0.054277    0.148866  (       8      19      22      26)
          81    0.054380    0.133415  (      10      15      26      39)
          82    0.054417    0.110402  (       1      15      26      31)
          83    0.054425    0.143714  (       5      19      22      23)
          84    0.054426    0.123440  (       9      15      21      30)
          85    0.054445    0.136271  (       4      15      21      27)
          86    0.054450    0.109873  (       1      15      26      32)
          87    0.054454    0.140598  (       8      19      23      29)
          88    0.054755    0.113308  (      10      15      26      38)
          89    0.054769    0.149697  (       5      15      23      33)
          90    0.054806    0.132525  (       1      15      23      39)
          91    0.054842    0.135683  (      10      15      23      34)
          92    0.054894    0.134675  (       4      15      21      29)
          93    0.054911    0.150464  (       2      15      26      36)
          94    0.054912    0.112996  (       2      15      26      31)
          95    0.054958    0.113385  (       2      15      26      32)
          96    0.054984    0.140964  (       8      19      23      27)
          97    0.054988    0.149725  (       2      15      26      34)
          98    0.055063    0.114883  (       8      15      26      31)
          99    0.055102    0.135824  (      10      15      23      36)
         100    0.055114    0.114919  (       8      15      26      32)
