        Rank     LS_RMSE    LS_MaxAE  Feature_ID
           1    0.043619    0.089491  (       7      13      21      27      41)
           2    0.043619    0.089491  (       7      13      21      27      33)
           3    0.043662    0.089420  (       7      13      21      27      42)
           4    0.043662    0.089420  (       7      13      21      27      35)
           5    0.043794    0.094978  (       1      13      21      27      33)
           6    0.043794    0.094978  (       1      13      21      27      41)
           7    0.043834    0.093145  (       7      13      23      27      33)
           8    0.043834    0.093145  (       7      13      23      27      41)
           9    0.043855    0.092390  (       7      13      24      27      33)
          10    0.043855    0.092390  (       7      13      24      27      41)
          11    0.043856    0.095062  (       1      13      21      27      42)
          12    0.043856    0.095062  (       1      13      21      27      35)
          13    0.043890    0.093216  (       7      13      23      27      42)
          14    0.043890    0.093216  (       7      13      23      27      35)
          15    0.043912    0.092461  (       7      13      24      27      42)
          16    0.043912    0.092461  (       7      13      24      27      35)
          17    0.043977    0.103517  (       1      13      22      25      28)
          18    0.043997    0.096774  (       2      15      20      22      24)
          19    0.044015    0.105963  (       7      13      22      25      28)
          20    0.044040    0.101089  (       1      13      23      27      33)
          21    0.044040    0.101089  (       1      13      23      27      41)
          22    0.044060    0.100330  (       1      13      24      27      41)
          23    0.044060    0.100330  (       1      13      24      27      33)
          24    0.044109    0.096611  (       2      15      20      22      23)
          25    0.044115    0.101172  (       1      13      23      27      35)
          26    0.044115    0.101172  (       1      13      23      27      42)
          27    0.044136    0.100414  (       1      13      24      27      35)
          28    0.044136    0.100414  (       1      13      24      27      42)
          29    0.044176    0.100844  (       1      13      22      28      30)
          30    0.044190    0.103286  (       7      13      22      28      30)
          31    0.044629    0.101672  (       7      13      25      27      33)
          32    0.044629    0.101672  (       7      13      25      27      41)
          33    0.044672    0.101742  (       7      13      25      27      35)
          34    0.044672    0.101742  (       7      13      25      27      42)
          35    0.044740    0.100380  (       7      13      27      30      33)
          36    0.044740    0.100380  (       7      13      27      30      41)
          37    0.044740    0.109791  (       1      13      25      27      41)
          38    0.044740    0.109791  (       1      13      25      27      33)
          39    0.044789    0.100448  (       7      13      27      30      42)
          40    0.044789    0.100448  (       7      13      27      30      35)
          41    0.044801    0.109872  (       1      13      25      27      42)
          42    0.044801    0.109872  (       1      13      25      27      35)
          43    0.044806    0.106654  (       7      13      22      24      28)
          44    0.044814    0.107014  (       7      13      22      23      28)
          45    0.044815    0.110767  (       7      13      21      22      28)
          46    0.044831    0.108255  (       1      13      21      22      28)
          47    0.044863    0.104147  (       1      13      22      24      28)
          48    0.044866    0.092226  (       7      13      21      27      43)
          49    0.044870    0.108427  (       1      13      27      30      41)
          50    0.044870    0.108427  (       1      13      27      30      33)
          51    0.044872    0.104502  (       1      13      22      23      28)
          52    0.044926    0.102146  (       7      13      21      26      41)
          53    0.044926    0.102146  (       7      13      21      26      33)
          54    0.044938    0.108506  (       1      13      27      30      42)
          55    0.044938    0.108506  (       1      13      27      30      35)
          56    0.044962    0.093732  (       1      13      21      27      43)
          57    0.044994    0.102193  (       7      13      21      26      35)
          58    0.044994    0.102193  (       7      13      21      26      42)
          59    0.045007    0.092032  (       7      13      23      27      43)
          60    0.045028    0.092256  (       7      13      24      27      43)
          61    0.045097    0.109020  (       7      13      23      26      41)
          62    0.045097    0.109020  (       7      13      23      26      33)
          63    0.045110    0.108281  (       7      13      24      26      33)
          64    0.045110    0.108281  (       7      13      24      26      41)
          65    0.045137    0.099982  (       1      13      23      27      43)
          66    0.045157    0.099204  (       1      13      24      27      43)
          67    0.045178    0.109068  (       7      13      23      26      42)
          68    0.045178    0.109068  (       7      13      23      26      35)
          69    0.045192    0.108329  (       7      13      24      26      42)
          70    0.045192    0.108329  (       7      13      24      26      35)
          71    0.045289    0.098077  (       7      13      21      27      44)
          72    0.045292    0.095205  (       1      13      21      27      44)
          73    0.045311    0.100817  (       7      13      22      25      27)
          74    0.045344    0.095101  (       2      15      20      21      22)
          75    0.045392    0.097773  (       1      13      22      25      27)
          76    0.045436    0.108510  (       2      15      20      22      30)
          77    0.045469    0.097757  (       7      13      21      22      27)
          78    0.045477    0.110345  (       1      13      21      26      41)
          79    0.045477    0.110345  (       1      13      21      26      33)
          80    0.045532    0.095369  (       7      13      22      25      26)
          81    0.045563    0.110407  (       1      13      21      26      42)
          82    0.045563    0.110407  (       1      13      21      26      35)
          83    0.045579    0.100106  (       7      13      23      27      44)
          84    0.045596    0.094794  (       1      13      21      22      27)
          85    0.045598    0.100318  (       7      13      24      27      44)
          86    0.045614    0.100386  (       1      13      23      27      44)
          87    0.045623    0.102002  (       7      13      22      27      30)
          88    0.045634    0.099634  (       1      13      24      27      44)
          89    0.045686    0.117088  (       1      13      23      26      41)
          90    0.045686    0.117088  (       1      13      23      26      33)
          91    0.045690    0.122498  (      10      13      25      27      38)
          92    0.045699    0.116346  (       1      13      24      26      33)
          93    0.045699    0.116346  (       1      13      24      26      41)
          94    0.045723    0.098990  (       1      13      22      27      30)
          95    0.045756    0.118049  (       7      13      25      26      33)
          96    0.045756    0.118049  (       7      13      25      26      41)
          97    0.045779    0.102619  (       7      13      21      27      45)
          98    0.045779    0.102619  (       7      13      21      27      46)
          99    0.045785    0.117152  (       1      13      23      26      35)
         100    0.045785    0.117152  (       1      13      23      26      42)
