        Rank     LS_RMSE    LS_MaxAE  Feature_ID
           1    0.051472    0.151498  (       1      13      21      27)
           2    0.051523    0.154997  (       7      13      21      27)
           3    0.051642    0.153552  (       1      13      25      27)
           4    0.051737    0.157054  (       7      13      25      27)
           5    0.051760    0.151107  (       1      13      23      27)
           6    0.051773    0.151058  (       1      13      24      27)
           7    0.051781    0.154586  (       7      13      23      27)
           8    0.051794    0.154534  (       7      13      24      27)
           9    0.051839    0.153025  (       1      13      27      30)
          10    0.051916    0.156514  (       7      13      27      30)
          11    0.052078    0.125701  (       2      13      21      22)
          12    0.052201    0.149904  (       7      13      21      26)
          13    0.052258    0.151746  (       7      13      25      26)
          14    0.052410    0.149285  (       7      13      23      26)
          15    0.052413    0.151083  (       7      13      26      30)
          16    0.052415    0.149206  (       7      13      24      26)
          17    0.052512    0.146615  (       1      13      21      26)
          18    0.052535    0.148449  (       1      13      25      26)
          19    0.052684    0.132520  (       1      13      21      22)
          20    0.052698    0.128305  (       1      13      22      25)
          21    0.052713    0.147790  (       1      13      26      30)
          22    0.052713    0.135068  (       7      13      21      22)
          23    0.052758    0.146004  (       1      13      23      26)
          24    0.052764    0.145928  (       1      13      24      26)
          25    0.052785    0.130793  (       7      13      22      25)
          26    0.053065    0.124926  (       2      13      22      23)
          27    0.053094    0.155961  (       7      13      27      29)
          28    0.053159    0.124818  (       2      13      22      24)
          29    0.053174    0.152302  (       1      13      27      29)
          30    0.053322    0.129976  (       7      13      22      29)
          31    0.053367    0.126124  (       1      13      22      30)
          32    0.053436    0.128604  (       7      13      22      30)
          33    0.053515    0.127221  (       1      13      22      29)
          34    0.053534    0.127662  (       2      13      22      29)
          35    0.053585    0.132155  (       7      13      22      23)
          36    0.053586    0.129611  (       1      13      22      23)
          37    0.053668    0.129348  (       1      13      22      24)
          38    0.053668    0.131887  (       7      13      22      24)
          39    0.053938    0.120989  (      10      13      27      31)
          40    0.053959    0.156213  (      10      13      27      32)
          41    0.054009    0.144695  (      10      13      27      38)
          42    0.054155    0.151431  (       7      13      26      29)
          43    0.054358    0.128996  (       3      13      27      38)
          44    0.054363    0.126740  (       3      13      27      37)
          45    0.054462    0.130383  (       5      13      27      38)
          46    0.054584    0.147986  (       1      13      26      29)
          47    0.054618    0.128916  (       5      13      27      37)
          48    0.054692    0.109612  (      10      13      27      37)
          49    0.054744    0.152227  (       1      19      22      30)
          50    0.054794    0.138239  (       2      13      22      25)
          51    0.054822    0.148984  (      10      13      27      36)
          52    0.054913    0.128178  (       3      13      26      38)
          53    0.054934    0.122098  (      10      13      27      34)
          54    0.055001    0.112850  (      10      13      27      33)
          55    0.055027    0.114479  (      10      13      26      31)
          56    0.055083    0.112969  (      10      13      27      35)
          57    0.055087    0.150292  (      10      13      27      39)
          58    0.055236    0.150602  (      10      13      26      32)
          59    0.055244    0.136608  (       2      13      22      30)
          60    0.055307    0.147063  (       1      15      18      27)
          61    0.055328    0.154887  (       1      19      22      24)
          62    0.055528    0.124085  (       6      10      13      27)
          63    0.055530    0.155361  (       1      19      22      23)
          64    0.055585    0.129289  (       5      13      26      38)
          65    0.055654    0.125788  (       4      10      13      27)
          66    0.055702    0.150122  (       7      15      18      27)
          67    0.055710    0.155585  (      10      13      27      40)
          68    0.055737    0.147835  (      10      13      26      38)
          69    0.055814    0.139462  (       1      15      18      26)
          70    0.055820    0.142409  (       7      15      18      26)
          71    0.055833    0.123608  (       5       6      13      27)
          72    0.055902    0.155225  (       7      19      22      30)
          73    0.055911    0.141345  (       6      15      20      27)
          74    0.055920    0.138607  (       3      13      26      37)
          75    0.055965    0.141524  (       6      15      18      26)
          76    0.056011    0.109853  (       3      13      27      33)
          77    0.056022    0.109355  (       3      13      27      35)
          78    0.056076    0.131028  (      10      15      18      27)
          79    0.056077    0.123208  (       3       6      13      27)
          80    0.056252    0.157923  (       7      19      22      24)
          81    0.056323    0.125737  (       4       5      13      27)
          82    0.056324    0.121155  (       3       6      13      26)
          83    0.056324    0.121230  (       5       6      13      26)
          84    0.056395    0.150148  (      10      13      26      36)
          85    0.056451    0.158403  (       7      19      22      23)
          86    0.056476    0.121075  (       6      10      13      26)
          87    0.056483    0.152450  (      10      13      26      39)
          88    0.056541    0.125294  (       3       4      13      27)
          89    0.056546    0.169537  (       2      13      21      27)
          90    0.056643    0.120096  (       5      13      27      34)
          91    0.056644    0.118645  (      10      13      26      34)
          92    0.056682    0.123081  (       4      10      13      26)
          93    0.056767    0.141961  (       5      13      26      37)
          94    0.056817    0.167945  (       1      13      25      28)
          95    0.056825    0.147020  (       4      15      20      27)
          96    0.056838    0.143599  (       4      15      18      26)
          97    0.056866    0.157133  (       1      19      22      25)
          98    0.056895    0.169702  (       2      13      23      27)
          99    0.056908    0.123421  (       3       4      13      26)
         100    0.056920    0.169693  (       2      13      24      27)
