        Rank     LS_RMSE    LS_MaxAE  Feature_ID
           1    0.120919    0.470366  (       1)
           2    0.121434    0.477634  (       2)
           3    0.121578    0.448321  (       3)
           4    0.121999    0.342435  (       4)
           5    0.122175    0.450734  (       5)
           6    0.122282    0.354957  (       6)
           7    0.122522    0.475411  (       7)
           8    0.122729    0.399889  (       8)
           9    0.122865    0.408422  (       9)
          10    0.122959    0.493210  (      10)
