        Rank     LS_RMSE    LS_MaxAE  Feature_ID
           1    0.084082    0.260929  (       1      13)
           2    0.084295    0.233578  (       8      14)
           3    0.084704    0.262719  (       7      13)
           4    0.084785    0.323153  (       2      14)
           5    0.084984    0.243726  (       8      20)
           6    0.085049    0.260612  (       2      13)
           7    0.085452    0.237615  (       8      11)
           8    0.085608    0.324041  (       2      11)
           9    0.085771    0.318161  (       7      11)
          10    0.086138    0.339119  (       2      20)
          11    0.086402    0.320387  (       1      11)
          12    0.086757    0.314353  (       1      12)
          13    0.086853    0.313791  (       7      12)
          14    0.087503    0.323620  (       7      14)
          15    0.088497    0.326891  (       1      14)
          16    0.088666    0.324777  (       2      12)
          17    0.089122    0.243510  (       8      12)
          18    0.089550    0.322000  (       1      15)
          19    0.089750    0.249259  (       1      18)
          20    0.089781    0.316802  (       2      15)
          21    0.090087    0.291080  (       2      17)
          22    0.090531    0.250797  (       7      18)
          23    0.090766    0.326519  (       7      15)
          24    0.091217    0.290126  (       1      17)
          25    0.091358    0.339238  (       1      16)
          26    0.091451    0.247670  (       2      18)
          27    0.092001    0.290705  (       7      17)
          28    0.092173    0.347922  (       7      20)
          29    0.092689    0.344047  (       7      16)
          30    0.093045    0.342782  (       1      19)
          31    0.093574    0.352169  (       1      20)
          32    0.093608    0.333370  (       2      16)
          33    0.093907    0.211709  (      10      15)
          34    0.094329    0.347788  (       7      19)
          35    0.094423    0.271024  (       8      13)
          36    0.094588    0.201124  (      10      13)
          37    0.094866    0.336698  (       2      19)
          38    0.097018    0.253417  (       3      13)
          39    0.097313    0.263641  (       8      18)
          40    0.097551    0.255016  (       5      13)
          41    0.097603    0.235945  (       3      15)
          42    0.097968    0.237556  (       5      15)
          43    0.099484    0.224498  (      10      16)
          44    0.099703    0.295893  (       8      15)
          45    0.100681    0.223747  (      10      19)
          46    0.101255    0.310500  (       8      17)
          47    0.101696    0.248364  (       6      20)
          48    0.101983    0.309664  (       8      16)
          49    0.102643    0.246855  (       6      14)
          50    0.103040    0.241353  (       4      20)
          51    0.103084    0.311359  (       8      19)
          52    0.103660    0.251782  (       6      11)
          53    0.103886    0.240189  (       4      14)
          54    0.104101    0.291241  (      10      18)
          55    0.104242    0.235464  (       3      16)
          56    0.104410    0.237231  (       5      16)
          57    0.104766    0.244852  (       4      11)
          58    0.105111    0.237568  (       3      19)
          59    0.105383    0.268184  (       3      18)
          60    0.105432    0.239359  (       5      19)
          61    0.105496    0.267095  (       9      15)
          62    0.105804    0.268901  (       5      18)
          63    0.106130    0.258663  (       6      12)
          64    0.106490    0.232871  (       6      15)
          65    0.106639    0.219065  (       6      13)
          66    0.107050    0.251632  (       4      12)
          67    0.107401    0.243561  (       4      15)
          68    0.107494    0.361481  (       4       5)
          69    0.107569    0.368389  (       5       6)
          70    0.107758    0.225388  (       4      13)
          71    0.108184    0.363151  (       3       4)
          72    0.108278    0.370010  (       3       6)
          73    0.108401    0.438324  (       2       5)
          74    0.108862    0.438368  (       2       3)
          75    0.109591    0.238618  (       6      16)
          76    0.109676    0.401576  (      10      12)
          77    0.109993    0.241547  (       6      19)
          78    0.110118    0.388028  (       4      10)
          79    0.110286    0.278405  (       9      13)
          80    0.110408    0.398650  (       5       8)
          81    0.110501    0.250074  (       4      16)
          82    0.110674    0.396135  (       6      10)
          83    0.110781    0.220429  (       6      18)
          84    0.110817    0.376131  (      10      17)
          85    0.110881    0.253367  (       4      19)
          86    0.110892    0.370221  (       3      12)
          87    0.110902    0.399527  (       3       8)
          88    0.111077    0.266177  (       9      16)
          89    0.111192    0.404778  (       5       9)
          90    0.111289    0.421238  (       2       9)
          91    0.111410    0.405003  (       3       9)
          92    0.111635    0.419055  (       1       9)
          93    0.111640    0.372978  (       5      12)
          94    0.111673    0.232269  (       4      18)
          95    0.111727    0.268494  (       9      19)
          96    0.111976    0.416575  (      10      11)
          97    0.112147    0.466673  (       2      10)
          98    0.112372    0.424054  (       8      10)
          99    0.112586    0.387487  (       1       4)
         100    0.112612    0.420509  (       7       9)
