        Rank     LS_RMSE    LS_MaxAE  Feature_ID
           1    0.038107    0.082024  (       1      13      23      26      33      54)
           2    0.038107    0.082024  (       1      13      23      26      41      54)
           3    0.038156    0.081922  (       1      13      23      26      35      54)
           4    0.038156    0.081922  (       1      13      23      26      42      54)
           5    0.038163    0.082245  (       1      13      24      26      33      54)
           6    0.038163    0.082245  (       1      13      24      26      41      54)
           7    0.038214    0.082145  (       1      13      24      26      35      54)
           8    0.038214    0.082145  (       1      13      24      26      42      54)
           9    0.038350    0.080134  (       1      13      21      26      33      54)
          10    0.038350    0.080134  (       1      13      21      26      41      54)
          11    0.038384    0.080018  (       1      13      21      26      35      54)
          12    0.038384    0.080018  (       1      13      21      26      42      54)
          13    0.038415    0.084773  (       7      13      23      26      41      54)
          14    0.038415    0.084773  (       7      13      23      26      33      54)
          15    0.038431    0.107185  (       1      13      23      26      35      51)
          16    0.038431    0.107185  (       1      13      23      26      42      51)
          17    0.038447    0.084658  (       7      13      23      26      42      54)
          18    0.038447    0.084658  (       7      13      23      26      35      54)
          19    0.038461    0.107342  (       1      13      23      26      41      51)
          20    0.038461    0.107342  (       1      13      23      26      33      51)
          21    0.038468    0.084992  (       7      13      24      26      33      54)
          22    0.038468    0.084992  (       7      13      24      26      41      54)
          23    0.038486    0.100376  (       1      13      21      27      35      51)
          24    0.038486    0.100376  (       1      13      21      27      42      51)
          25    0.038489    0.107057  (       1      13      24      26      42      51)
          26    0.038489    0.107057  (       1      13      24      26      35      51)
          27    0.038500    0.106897  (       1      13      21      26      42      51)
          28    0.038500    0.106897  (       1      13      21      26      35      51)
          29    0.038502    0.084879  (       7      13      24      26      42      54)
          30    0.038502    0.084879  (       7      13      24      26      35      54)
          31    0.038517    0.102920  (       7      13      22      24      28      43)
          32    0.038517    0.107215  (       1      13      24      26      33      51)
          33    0.038517    0.107215  (       1      13      24      26      41      51)
          34    0.038532    0.103287  (       7      13      22      23      28      43)
          35    0.038535    0.100700  (       1      13      23      27      42      51)
          36    0.038535    0.100700  (       1      13      23      27      35      51)
          37    0.038543    0.107044  (       1      13      21      26      41      51)
          38    0.038543    0.107044  (       1      13      21      26      33      51)
          39    0.038545    0.100535  (       1      13      21      27      33      51)
          40    0.038545    0.100535  (       1      13      21      27      41      51)
          41    0.038583    0.100869  (       1      13      23      27      33      51)
          42    0.038583    0.100869  (       1      13      23      27      41      51)
          43    0.038598    0.100565  (       1      13      24      27      42      51)
          44    0.038598    0.100565  (       1      13      24      27      35      51)
          45    0.038616    0.097977  (       1      13      23      26      33      55)
          46    0.038616    0.097977  (       1      13      23      26      41      55)
          47    0.038619    0.097672  (       1      13      23      26      42      55)
          48    0.038619    0.097672  (       1      13      23      26      35      55)
          49    0.038644    0.097610  (       1      13      21      26      35      55)
          50    0.038644    0.097610  (       1      13      21      26      42      55)
          51    0.038644    0.100735  (       1      13      24      27      33      51)
          52    0.038644    0.100735  (       1      13      24      27      41      51)
          53    0.038655    0.097903  (       1      13      21      26      33      55)
          54    0.038655    0.097903  (       1      13      21      26      41      55)
          55    0.038660    0.097883  (       1      13      24      26      33      55)
          56    0.038660    0.097883  (       1      13      24      26      41      55)
          57    0.038664    0.097577  (       1      13      24      26      42      55)
          58    0.038664    0.097577  (       1      13      24      26      35      55)
          59    0.038668    0.105007  (       7      13      23      26      35      51)
          60    0.038668    0.105007  (       7      13      23      26      42      51)
          61    0.038684    0.082924  (       7      13      21      26      41      54)
          62    0.038684    0.082924  (       7      13      21      26      33      54)
          63    0.038692    0.092169  (       1      13      21      27      42      55)
          64    0.038692    0.092169  (       1      13      21      27      35      55)
          65    0.038701    0.082794  (       7      13      21      26      35      54)
          66    0.038701    0.082794  (       7      13      21      26      42      54)
          67    0.038712    0.105164  (       7      13      23      26      41      51)
          68    0.038712    0.105164  (       7      13      23      26      33      51)
          69    0.038721    0.100400  (       1      13      22      24      28      43)
          70    0.038723    0.104878  (       7      13      24      26      42      51)
          71    0.038723    0.104878  (       7      13      24      26      35      51)
          72    0.038723    0.092482  (       1      13      21      27      33      55)
          73    0.038723    0.092482  (       1      13      21      27      41      55)
          74    0.038737    0.100762  (       1      13      22      23      28      43)
          75    0.038764    0.105036  (       7      13      24      26      33      51)
          76    0.038764    0.105036  (       7      13      24      26      41      51)
          77    0.038772    0.104699  (       7      13      21      26      42      51)
          78    0.038772    0.104699  (       7      13      21      26      35      51)
          79    0.038787    0.092269  (       1      13      23      27      42      55)
          80    0.038787    0.092269  (       1      13      23      27      35      55)
          81    0.038805    0.092594  (       1      13      23      27      41      55)
          82    0.038805    0.092594  (       1      13      23      27      33      55)
          83    0.038821    0.107107  (       7      13      21      22      28      43)
          84    0.038824    0.099795  (       1      13      21      27      35      52)
          85    0.038824    0.099795  (       1      13      21      27      42      52)
          86    0.038827    0.088295  (       1      13      23      27      41      54)
          87    0.038827    0.088295  (       1      13      23      27      33      54)
          88    0.038828    0.104846  (       7      13      21      26      41      51)
          89    0.038828    0.104846  (       7      13      21      26      33      51)
          90    0.038840    0.092171  (       1      13      24      27      35      55)
          91    0.038840    0.092171  (       1      13      24      27      42      55)
          92    0.038850    0.088190  (       1      13      23      27      35      54)
          93    0.038850    0.088190  (       1      13      23      27      42      54)
          94    0.038856    0.092497  (       1      13      24      27      41      55)
          95    0.038856    0.092497  (       1      13      24      27      33      55)
          96    0.038868    0.099988  (       1      13      21      27      33      52)
          97    0.038868    0.099988  (       1      13      21      27      41      52)
          98    0.038878    0.096110  (       7      13      23      26      42      55)
          99    0.038878    0.096110  (       7      13      23      26      35      55)
         100    0.038878    0.086435  (       1      13      21      27      33      54)
