        Rank     LS_RMSE    LS_MaxAE  Feature_ID
           1    0.062760    0.146011  (      10      13      27)
           2    0.063522    0.173292  (       1      13      27)
           3    0.063667    0.173797  (       7      13      27)
           4    0.064474    0.142426  (       6      13      27)
           5    0.064620    0.138831  (       6      13      26)
           6    0.064960    0.144414  (       4      13      27)
           7    0.065106    0.178395  (       7      13      26)
           8    0.065233    0.141028  (       4      13      26)
           9    0.065258    0.178154  (       1      13      26)
          10    0.066013    0.149587  (       3      13      27)
          11    0.066484    0.144353  (      10      13      26)
          12    0.066877    0.152059  (       5      13      27)
          13    0.067390    0.141457  (       9      13      27)
          14    0.067701    0.175273  (       2      13      27)
          15    0.067761    0.231223  (       9      15      27)
          16    0.068350    0.236181  (       9      15      26)
          17    0.068774    0.241848  (       2      13      22)
          18    0.068988    0.180514  (       2      13      26)
          19    0.069154    0.148466  (       3      13      26)
          20    0.069390    0.182138  (       1      13      28)
          21    0.069509    0.242531  (       1      13      22)
          22    0.069522    0.206019  (       1      19      24)
          23    0.069628    0.205855  (       1      19      23)
          24    0.069644    0.210598  (       1      19      30)
          25    0.069746    0.244075  (       7      13      22)
          26    0.069820    0.201347  (       1      13      21)
          27    0.069891    0.183949  (       7      13      28)
          28    0.070121    0.138922  (       9      13      26)
          29    0.070139    0.170374  (       8      13      27)
          30    0.070192    0.140116  (      10      13      28)
          31    0.070329    0.206521  (       7      13      21)
          32    0.070454    0.178791  (       2      15      20)
          33    0.070562    0.175057  (       8      13      26)
          34    0.070589    0.150586  (       5      13      26)
          35    0.070611    0.202929  (       1      16      24)
          36    0.070687    0.211538  (       7      19      24)
          37    0.070707    0.202791  (       1      16      23)
          38    0.070716    0.205045  (       1      13      25)
          39    0.070732    0.201276  (       1      15      30)
          40    0.070733    0.201925  (       1      13      29)
          41    0.070791    0.211374  (       7      19      23)
          42    0.070879    0.202203  (       1      13      23)
          43    0.070942    0.209816  (       1      19      25)
          44    0.070977    0.202279  (       1      13      24)
          45    0.071014    0.216271  (       7      19      30)
          46    0.071066    0.207184  (       7      13      29)
          47    0.071167    0.172301  (       2      14      15)
          48    0.071244    0.206748  (       1      16      30)
          49    0.071261    0.201749  (       2      13      21)
          50    0.071293    0.210296  (       7      13      25)
          51    0.071340    0.197907  (       1      15      24)
          52    0.071361    0.205147  (       1      13      30)
          53    0.071363    0.207357  (       7      13      23)
          54    0.071462    0.207432  (       7      13      24)
          55    0.071523    0.197791  (       1      15      23)
          56    0.071884    0.208190  (       7      16      24)
          57    0.071892    0.287586  (      10      15      27)
          58    0.071902    0.204204  (       1      19      21)
          59    0.071920    0.210382  (       7      13      30)
          60    0.071978    0.208054  (       7      16      23)
          61    0.072027    0.198535  (       2      15      24)
          62    0.072036    0.206470  (       7      15      30)
          63    0.072185    0.200655  (       1      15      25)
          64    0.072195    0.198423  (       2      15      23)
          65    0.072264    0.177013  (       2      11      15)
          66    0.072353    0.215499  (       7      19      25)
          67    0.072357    0.277982  (       6      15      26)
          68    0.072367    0.202579  (       2      13      23)
          69    0.072381    0.265283  (       4      15      26)
          70    0.072473    0.202652  (       2      13      24)
          71    0.072483    0.203005  (       7      15      24)
          72    0.072537    0.206051  (       1      16      25)
          73    0.072638    0.177070  (       7      11      15)
          74    0.072664    0.202892  (       7      15      23)
          75    0.072680    0.202238  (       2      13      29)
          76    0.072709    0.212124  (       7      16      30)
          77    0.072714    0.205921  (       2      19      24)
          78    0.072789    0.205765  (       2      19      23)
          79    0.072950    0.176227  (       1      11      15)
          80    0.073160    0.201175  (       1      16      21)
          81    0.073174    0.209759  (       7      19      21)
          82    0.073457    0.196280  (       1      15      21)
          83    0.073493    0.171839  (       7      14      15)
          84    0.073522    0.205864  (       7      15      25)
          85    0.073601    0.292507  (      10      15      26)
          86    0.073643    0.233291  (       1      18      28)
          87    0.073839    0.187052  (       1      12      15)
          88    0.073860    0.260087  (       4      15      27)
          89    0.073920    0.201173  (       2      15      30)
          90    0.073921    0.272068  (       6      15      27)
          91    0.073972    0.196960  (       2      15      21)
          92    0.074034    0.211440  (       7      16      25)
          93    0.074072    0.171223  (       1      14      15)
          94    0.074097    0.192204  (       7      12      15)
          95    0.074188    0.202707  (       2      16      24)
          96    0.074254    0.202578  (       2      16      23)
          97    0.074301    0.232893  (       7      18      28)
          98    0.074301    0.204799  (       2      13      25)
          99    0.074528    0.206468  (       7      16      21)
         100    0.074686    0.201406  (       7      15      21)
