    0.20466E+00
    0.15526E+00
    0.20926E+00
    0.21766E+00
    0.18216E+00
    0.22246E+00
    0.24935E+00
   -0.71252E+00
    0.30800E-02
    0.24998E+00
    0.16768E+00
    0.27958E+00
   -0.20450E-01
    0.29750E-01
   -0.15125E+00
    0.74850E-01
    0.12283E+00
    0.19100E-02
   -0.47696E+00
   -0.71160E-01
   -0.15954E+00
   -0.83440E-01
    0.96120E-01
    0.22520E-01
    0.11362E+00
    0.12561E+00
    0.19210E-01
    0.15111E+00
    0.61990E-01
   -0.23410E-01
    0.11879E+00
    0.22390E-01
   -0.35050E-01
   -0.21444E+00
   -0.62840E-01
   -0.34296E+00
   -0.14211E+00
   -0.10321E+00
   -0.42356E+00
   -0.15416E+00
   -0.45600E-01
    0.24439E+00
   -0.12356E+00
