        Rank     LS_RMSE    LS_MaxAE  Feature_ID
           1    0.031922    0.077055  (       1      11      21      31      43)
           2    0.032040    0.075966  (       1      11      21      31      45)
           3    0.032482    0.075757  (       1      11      22      31      43)
           4    0.032680    0.075951  (       1      11      22      31      45)
           5    0.033326    0.076390  (       1      11      23      31      43)
           6    0.033447    0.076183  (       1      11      23      31      45)
           7    0.033559    0.079351  (       1      11      21      38      43)
           8    0.033564    0.079333  (       1      11      21      37      43)
           9    0.033623    0.078333  (       1      11      21      37      45)
          10    0.033624    0.078347  (       1      11      21      38      45)
          11    0.033631    0.087514  (       2      11      21      31      45)
          12    0.033774    0.070201  (       1      11      21      31      41)
          13    0.033928    0.083501  (       2      11      21      31      43)
          14    0.033934    0.077947  (       1      11      22      38      43)
          15    0.033934    0.077930  (       1      11      22      37      43)
          16    0.033966    0.087594  (       2      11      21      31      41)
          17    0.033971    0.083419  (       6      11      21      31      43)
          18    0.033985    0.089554  (       2      11      22      31      45)
          19    0.034061    0.076715  (       6      11      21      31      46)
          20    0.034076    0.077673  (       1      11      22      37      45)
          21    0.034081    0.077605  (       1      11      22      38      45)
          22    0.034191    0.085619  (       2      11      22      31      43)
          23    0.034257    0.083214  (       1      11      21      31      46)
          24    0.034272    0.089173  (       2      11      22      31      41)
          25    0.034275    0.086011  (       6      11      21      31      45)
          26    0.034327    0.072497  (       1      11      21      31      42)
          27    0.034332    0.091604  (       2      11      21      31      42)
          28    0.034337    0.072509  (       1      11      22      31      41)
          29    0.034376    0.088364  (       5      11      21      31      41)
          30    0.034440    0.069204  (       1      11      21      31      49)
          31    0.034480    0.091812  (       2      11      21      31      44)
          32    0.034509    0.072390  (       1      11      21      31      44)
          33    0.034543    0.089755  (       5      11      22      31      41)
          34    0.034545    0.085878  (       6      11      22      31      43)
          35    0.034557    0.073649  (       6      11      21      37      46)
          36    0.034566    0.073582  (       6      11      21      38      46)
          37    0.034600    0.090077  (       2      11      23      31      41)
          38    0.034600    0.071936  (       3      11      21      31      41)
          39    0.034612    0.099266  (       7      11      21      31      45)
          40    0.034647    0.095652  (       7      11      21      31      43)
          41    0.034663    0.090325  (       2      11      23      31      45)
          42    0.034677    0.093119  (       5      11      21      31      42)
          43    0.034719    0.067229  (       1      11      21      31      50)
          44    0.034771    0.093476  (       5      11      21      31      44)
          45    0.034773    0.093117  (       2      11      22      31      42)
          46    0.034784    0.080220  (       1      11      21      38      46)
          47    0.034792    0.080269  (       1      11      21      37      46)
          48    0.034843    0.073044  (       1      11      23      31      41)
          49    0.034913    0.078620  (       1      11      23      37      43)
          50    0.034917    0.078638  (       1      11      23      38      43)
          51    0.034919    0.088422  (       6      11      22      31      45)
          52    0.034920    0.093318  (       2      11      22      31      44)
          53    0.034949    0.073967  (       3      11      22      31      41)
          54    0.034961    0.086260  (       2      11      23      31      43)
          55    0.034970    0.069570  (       1      11      22      31      49)
          56    0.034977    0.077598  (       1      11      23      37      45)
          57    0.034983    0.094457  (       5      11      22      31      42)
          58    0.034986    0.077611  (       1      11      23      38      45)
          59    0.034992    0.097606  (       7      11      22      31      43)
          60    0.035009    0.077270  (       1      11      21      39      46)
          61    0.035011    0.074717  (       1      11      22      31      42)
          62    0.035011    0.094680  (       2      11      21      31      48)
          63    0.035030    0.090643  (       5      11      23      31      41)
          64    0.035041    0.101157  (       7      11      22      31      45)
          65    0.035055    0.094164  (       2      11      23      31      42)
          66    0.035076    0.073739  (       1      11      21      31      48)
          67    0.035077    0.094801  (       5      11      22      31      44)
          68    0.035151    0.075135  (       3      11      21      31      42)
          69    0.035164    0.084611  (       6      11      21      39      46)
          70    0.035182    0.094388  (       2      11      23      31      44)
          71    0.035192    0.074611  (       1      11      22      31      44)
          72    0.035227    0.069525  (       1      11      21      37      41)
          73    0.035244    0.069264  (       1      11      21      38      41)
          74    0.035253    0.089286  (       5      11      26      31      41)
          75    0.035310    0.069376  (       1      11      22      31      50)
          76    0.035312    0.075195  (       3      11      21      31      44)
          77    0.035318    0.096956  (       5      11      21      31      48)
          78    0.035318    0.079995  (       1      11      21      31      47)
          79    0.035327    0.086743  (       2      11      21      38      45)
          80    0.035403    0.086956  (       2      11      21      37      45)
          81    0.035425    0.095501  (       5      11      23      31      42)
          82    0.035482    0.075363  (       1      11      23      31      42)
          83    0.035494    0.095867  (       5      11      23      31      44)
          84    0.035503    0.089142  (       2      11      22      38      45)
          85    0.035516    0.080838  (       6      11      22      31      46)
          86    0.035531    0.087046  (       1      11      22      31      46)
          87    0.035547    0.082907  (       6      11      21      37      43)
          88    0.035561    0.082677  (       6      11      21      38      43)
          89    0.035569    0.096083  (       2      11      22      31      48)
          90    0.035571    0.086652  (       6      11      23      31      43)
          91    0.035577    0.089359  (       2      11      22      37      45)
          92    0.035607    0.088861  (       2      11      26      31      41)
          93    0.035631    0.077085  (       3      11      22      31      42)
          94    0.035639    0.086771  (       2      11      21      38      41)
          95    0.035648    0.075288  (       1      11      23      31      44)
          96    0.035652    0.072006  (       1      11      21      37      42)
          97    0.035661    0.073466  (       6      11      21      31      47)
          98    0.035666    0.072111  (       1      11      22      37      41)
          99    0.035666    0.082701  (       2      11      21      38      43)
         100    0.035667    0.074602  (       3      11      23      31      41)
