        Rank     LS_RMSE    LS_MaxAE  Feature_ID
           1    0.060873    0.149160  (       1      11)
           2    0.062575    0.149368  (       2      11)
           3    0.062679    0.147001  (       3      11)
           4    0.063138    0.166349  (       1      12)
           5    0.063403    0.148925  (       6      11)
           6    0.063952    0.153168  (       7      11)
           7    0.064195    0.139345  (       1      15)
           8    0.064256    0.164722  (       3      12)
           9    0.064730    0.166579  (       2      12)
          10    0.064747    0.173912  (       1      20)
          11    0.064893    0.197845  (       1      13)
          12    0.064968    0.146678  (       5      11)
          13    0.065132    0.144343  (       2      15)
          14    0.065291    0.166685  (       6      12)
          15    0.065467    0.211195  (       1      14)
          16    0.065569    0.202457  (       1      19)
          17    0.065671    0.174512  (       2      20)
          18    0.065727    0.167706  (       7      12)
          19    0.065834    0.137510  (       3      15)
          20    0.066018    0.158498  (       7      15)
          21    0.066085    0.220448  (       1      17)
          22    0.066100    0.153208  (       6      15)
          23    0.066301    0.196285  (       3      13)
          24    0.066375    0.172043  (       3      20)
          25    0.066444    0.164450  (       5      12)
          26    0.066724    0.202952  (       2      19)
          27    0.066753    0.175606  (       7      20)
          28    0.066790    0.174348  (       6      20)
          29    0.066795    0.199168  (       6      13)
          30    0.066836    0.211499  (       2      14)
          31    0.067119    0.209546  (       3      14)
          32    0.067172    0.197378  (       2      13)
          33    0.067324    0.200649  (       3      19)
          34    0.067337    0.142331  (       5      15)
          35    0.067511    0.212533  (       6      14)
          36    0.067565    0.203617  (       6      19)
          37    0.067605    0.220568  (       2      17)
          38    0.067692    0.204772  (       7      19)
          39    0.067762    0.234288  (       1      16)
          40    0.067816    0.213514  (       7      14)
          41    0.067838    0.172194  (       5      20)
          42    0.067840    0.199552  (       7      13)
          43    0.067872    0.234426  (       1      18)
          44    0.067981    0.222153  (       6      17)
          45    0.068129    0.218425  (       3      17)
          46    0.068438    0.222943  (       7      17)
          47    0.068882    0.234890  (       2      16)
          48    0.068936    0.235097  (       2      18)
          49    0.069040    0.200715  (       5      19)
          50    0.069050    0.209431  (       5      14)
          51    0.069171    0.195334  (       5      13)
          52    0.069334    0.232856  (       3      16)
          53    0.069419    0.233028  (       3      18)
          54    0.070023    0.235993  (       6      16)
          55    0.070040    0.237329  (       7      16)
          56    0.070143    0.237474  (       7      18)
          57    0.070173    0.236078  (       6      18)
          58    0.070199    0.218133  (       5      17)
          59    0.071063    0.233011  (       5      16)
          60    0.071092    0.233254  (       5      18)
          61    0.074617    0.202545  (       4      11)
          62    0.074996    0.206352  (       4      15)
          63    0.075056    0.207942  (       4      12)
          64    0.075267    0.203207  (       8      11)
          65    0.076380    0.208890  (       4      20)
          66    0.076569    0.211836  (       4      13)
          67    0.076616    0.206687  (       8      15)
          68    0.077228    0.214528  (       4      19)
          69    0.077462    0.222600  (       4      14)
          70    0.077496    0.209362  (       8      20)
          71    0.077792    0.231467  (       4      17)
          72    0.078111    0.232939  (       8      17)
          73    0.078237    0.207778  (       8      12)
          74    0.078389    0.214871  (       8      19)
          75    0.078854    0.222650  (       8      14)
          76    0.079261    0.210496  (       8      13)
          77    0.079409    0.244663  (       4      16)
          78    0.079513    0.244738  (       4      18)
          79    0.081665    0.243214  (       8      16)
          80    0.081849    0.243147  (       8      18)
          81    0.094904    0.291614  (      10      11)
          82    0.095624    0.291785  (       9      11)
          83    0.100748    0.276749  (      10      15)
          84    0.101232    0.297989  (      10      20)
          85    0.101537    0.277446  (       9      15)
          86    0.101915    0.298097  (       9      20)
          87    0.102257    0.468373  (       1       9)
          88    0.102274    0.434660  (       8       9)
          89    0.102443    0.300840  (      10      12)
          90    0.103017    0.319822  (      10      19)
          91    0.103119    0.301039  (       9      12)
          92    0.103208    0.468271  (       3       9)
          93    0.103283    0.474011  (       1      10)
          94    0.103533    0.325937  (      10      14)
          95    0.103542    0.467425  (       6       9)
          96    0.103598    0.467688  (       2       9)
          97    0.103716    0.319306  (       9      19)
          98    0.103777    0.331695  (      10      17)
          99    0.103858    0.441094  (       8      10)
         100    0.104157    0.473671  (       3      10)
