        Rank     LS_RMSE    LS_MaxAE  Feature_ID
           1    0.026586    0.063245  (       2      11      21      39      48      56)
           2    0.026696    0.069878  (       5      11      21      39      48      56)
           3    0.026760    0.072252  (       1      11      21      31      45      56)
           4    0.026792    0.064684  (       2      11      21      39      44      56)
           5    0.026813    0.072179  (       1      11      21      31      45      58)
           6    0.026833    0.070253  (       5      11      22      39      48      56)
           7    0.026840    0.063513  (       2      11      22      39      48      56)
           8    0.026874    0.065612  (       2      11      22      39      44      56)
           9    0.026891    0.064920  (       1      11      21      39      41      56)
          10    0.026918    0.072536  (       5      11      22      39      44      56)
          11    0.026921    0.065321  (       2      11      21      39      42      56)
          12    0.026924    0.062672  (       1      11      21      31      45      52)
          13    0.026932    0.066803  (       2      11      23      39      48      56)
          14    0.026935    0.064055  (       1      11      21      39      42      56)
          15    0.026942    0.060579  (       1      11      21      31      43      52)
          16    0.026947    0.071478  (       5      11      21      39      44      56)
          17    0.026984    0.066635  (       1      11      22      39      41      56)
          18    0.026988    0.069088  (       5      11      21      39      48      58)
          19    0.027003    0.063381  (       1      11      21      39      44      56)
          20    0.027004    0.066277  (       2      11      22      39      42      56)
          21    0.027033    0.068538  (       2      11      23      39      44      56)
          22    0.027072    0.062474  (       2      11      21      39      48      58)
          23    0.027078    0.069567  (       5      11      22      39      48      58)
          24    0.027099    0.072676  (       5      11      23      39      48      56)
          25    0.027104    0.070657  (       1      11      22      31      45      58)
          26    0.027122    0.070728  (       1      11      22      31      45      56)
          27    0.027166    0.073176  (       5      11      22      39      42      56)
          28    0.027169    0.070241  (       1      11      21      31      45      59)
          29    0.027195    0.069155  (       2      11      23      39      42      56)
          30    0.027196    0.072087  (       5      11      21      39      42      56)
          31    0.027200    0.071821  (       5      11      22      39      44      58)
          32    0.027202    0.064554  (       1      11      22      31      45      51)
          33    0.027205    0.065133  (       1      11      22      39      42      56)
          34    0.027224    0.062521  (       1      11      22      31      43      52)
          35    0.027244    0.074571  (       5      11      23      39      44      56)
          36    0.027260    0.070449  (       6      11      21      31      45      56)
          37    0.027261    0.070683  (       5      11      21      39      44      58)
          38    0.027265    0.062851  (       2      11      22      39      48      58)
          39    0.027270    0.064439  (       1      11      22      39      44      56)
          40    0.027289    0.063908  (       2      11      21      39      44      58)
          41    0.027305    0.064848  (       1      11      22      31      45      52)
          42    0.027311    0.061751  (       1      11      21      39      48      56)
          43    0.027313    0.064738  (       2      11      21      39      42      58)
          44    0.027325    0.064919  (       2      11      22      39      44      58)
          45    0.027334    0.066737  (       1      11      21      31      45      51)
          46    0.027339    0.072886  (       1      11      22      31      45      59)
          47    0.027339    0.072659  (       5      11      22      39      42      58)
          48    0.027350    0.065782  (       2      11      22      39      42      58)
          49    0.027372    0.061103  (       7      11      21      39      44      56)
          50    0.027380    0.073184  (       1      11      21      31      43      56)
          51    0.027383    0.071499  (       5      11      23      39      48      58)
          52    0.027402    0.071487  (       5      11      21      39      42      58)
          53    0.027418    0.069987  (       1      11      21      31      43      59)
          54    0.027424    0.065622  (       2      11      23      39      48      58)
          55    0.027433    0.070044  (       1      11      23      39      41      56)
          56    0.027437    0.073160  (       1      11      21      31      43      58)
          57    0.027460    0.070477  (       6      11      21      31      45      58)
          58    0.027483    0.068585  (       5      11      26      39      44      56)
          59    0.027488    0.061734  (       7      11      21      39      42      56)
          60    0.027494    0.062038  (       7      11      22      39      44      56)
          61    0.027509    0.072924  (       1      11      22      31      43      59)
          62    0.027513    0.067396  (       2      11      22      39      41      56)
          63    0.027528    0.075158  (       5      11      23      39      42      56)
          64    0.027540    0.064255  (       1      11      21      39      41      58)
          65    0.027542    0.067366  (       2      11      23      39      44      58)
          66    0.027547    0.068461  (       1      11      21      31      43      57)
          67    0.027553    0.073068  (       1      11      21      39      45      56)
          68    0.027557    0.073405  (       5      11      23      39      44      58)
          69    0.027572    0.066411  (       5      11      26      39      44      58)
          70    0.027578    0.066041  (       1      11      22      39      41      58)
          71    0.027580    0.063401  (       1      11      21      39      42      58)
          72    0.027590    0.067773  (       1      11      21      31      45      57)
          73    0.027592    0.058820  (       1      11      21      31      43      55)
          74    0.027596    0.068821  (       1      11      23      39      42      56)
          75    0.027596    0.065764  (       2      11      21      39      41      56)
          76    0.027596    0.068187  (       2      11      23      39      42      58)
          77    0.027606    0.064190  (       7      11      22      39      41      56)
          78    0.027611    0.062697  (       7      11      22      39      42      56)
          79    0.027615    0.072982  (       1      11      21      39      45      58)
          80    0.027621    0.065036  (       1      11      21      31      43      54)
          81    0.027625    0.059338  (       7      11      21      39      48      56)
          82    0.027627    0.061824  (       1      11      21      31      45      55)
          83    0.027633    0.068166  (       1      11      23      39      44      56)
          84    0.027642    0.069347  (       5      11      26      39      48      56)
          85    0.027646    0.068950  (       6      11      22      31      45      56)
          86    0.027650    0.062568  (       7      11      21      39      41      56)
          87    0.027653    0.071719  (       1      11      22      31      43      58)
          88    0.027660    0.071746  (       1      11      22      31      43      56)
          89    0.027663    0.067077  (       5      11      26      39      48      58)
          90    0.027667    0.071451  (       1      11      22      39      45      58)
          91    0.027679    0.065881  (       1      11      22      31      43      51)
          92    0.027687    0.066007  (       5      11      26      39      42      58)
          93    0.027704    0.071526  (       1      11      22      39      45      56)
          94    0.027705    0.071482  (       6      11      21      31      43      56)
          95    0.027707    0.068096  (       5      11      26      39      42      56)
          96    0.027709    0.061766  (       6      11      22      31      45      51)
          97    0.027727    0.062543  (       1      11      21      39      44      58)
          98    0.027730    0.067594  (       1      11      21      31      43      60)
          99    0.027730    0.074198  (       5      11      23      39      42      58)
         100    0.027733    0.062744  (       1      11      21      31      43      53)
