        Rank     LS_RMSE    LS_MaxAE  Feature_ID
           1    0.048292    0.122075  (       1      11      30)
           2    0.048346    0.122919  (       1      11      29)
           3    0.048464    0.121830  (       1      11      28)
           4    0.048509    0.138946  (       1      11      21)
           5    0.049079    0.122339  (       1      11      27)
           6    0.049485    0.141051  (       1      11      22)
           7    0.049929    0.135652  (       1      11      23)
           8    0.049971    0.127367  (       2      11      30)
           9    0.050005    0.127097  (       2      11      28)
          10    0.050089    0.128308  (       2      11      29)
          11    0.050719    0.127649  (       2      11      27)
          12    0.050721    0.142794  (       7      11      30)
          13    0.050730    0.142658  (       7      11      28)
          14    0.050797    0.137198  (       6      11      30)
          15    0.050823    0.122422  (       1      11      24)
          16    0.050836    0.122643  (       1      11      25)
          17    0.050882    0.143948  (       7      11      29)
          18    0.050926    0.138252  (       6      11      29)
          19    0.050970    0.137079  (       6      11      28)
          20    0.050984    0.154079  (       6      11      21)
          21    0.051268    0.159431  (       1      11      26)
          22    0.051469    0.120383  (       3      11      30)
          23    0.051517    0.143189  (       7      11      27)
          24    0.051546    0.121188  (       3      11      29)
          25    0.051622    0.137576  (       6      11      27)
          26    0.051680    0.148790  (       1      19      21)
          27    0.051724    0.120185  (       3      11      28)
          28    0.051955    0.145142  (       1      19      23)
          29    0.051987    0.156004  (       6      11      22)
          30    0.051988    0.147952  (       1      20      23)
          31    0.052038    0.151360  (       1      20      21)
          32    0.052187    0.136598  (       3      11      21)
          33    0.052228    0.120661  (       3      11      27)
          34    0.052268    0.142968  (       1      17      21)
          35    0.052303    0.151230  (       1      19      22)
          36    0.052328    0.153820  (       1      20      22)
          37    0.052437    0.147676  (       1      14      21)
          38    0.052451    0.127637  (       2      11      24)
          39    0.052494    0.127881  (       2      11      25)
          40    0.052623    0.151075  (       6      11      23)
          41    0.052828    0.142198  (       1      16      21)
          42    0.052879    0.144109  (       1      14      23)
          43    0.052897    0.138642  (       3      11      22)
          44    0.052908    0.139338  (       1      17      23)
          45    0.052947    0.142994  (       1      18      21)
          46    0.053024    0.142335  (       1      15      23)
          47    0.053072    0.145375  (       1      17      22)
          48    0.053190    0.149951  (       1      14      22)
          49    0.053297    0.164021  (       6      19      21)
          50    0.053413    0.137433  (       6      11      24)
          51    0.053418    0.142938  (       7      11      24)
          52    0.053432    0.137667  (       6      11      25)
          53    0.053467    0.143194  (       7      11      25)
          54    0.053523    0.147619  (       1      15      22)
          55    0.053550    0.157302  (       3      11      26)
          56    0.053591    0.142379  (       1      16      23)
          57    0.053645    0.144774  (       1      16      22)
          58    0.053691    0.145135  (       1      15      21)
          59    0.053702    0.158323  (       6      17      21)
          60    0.053702    0.133416  (       3      11      23)
          61    0.053719    0.142535  (       1      18      23)
          62    0.053720    0.120955  (       3      11      25)
          63    0.053725    0.120753  (       3      11      24)
          64    0.053769    0.145559  (       1      18      22)
          65    0.053804    0.166016  (       6      20      21)
          66    0.053825    0.160752  (       6      19      23)
          67    0.053906    0.173830  (       6      11      26)
          68    0.053980    0.166275  (       6      19      22)
          69    0.053986    0.162997  (       6      20      23)
          70    0.054020    0.127351  (       5      11      30)
          71    0.054131    0.163073  (       6      14      21)
          72    0.054136    0.168308  (       6      20      22)
          73    0.054169    0.127834  (       5      11      29)
          74    0.054172    0.129367  (       5      11      28)
          75    0.054212    0.143357  (       1      13      21)
          76    0.054247    0.140329  (       1      13      23)
          77    0.054248    0.139891  (       1      12      23)
          78    0.054277    0.143480  (       2      11      21)
          79    0.054342    0.142543  (       1      12      21)
          80    0.054579    0.160542  (       6      17      22)
          81    0.054602    0.155049  (       6      17      23)
          82    0.054635    0.144545  (       1      12      22)
          83    0.054745    0.127786  (       5      11      27)
          84    0.054755    0.158240  (       6      16      21)
          85    0.054764    0.145485  (       1      13      22)
          86    0.054808    0.157555  (       6      15      23)
          87    0.054819    0.159857  (       6      14      23)
          88    0.054878    0.145203  (       2      11      22)
          89    0.054943    0.165161  (       6      14      22)
          90    0.054944    0.159018  (       6      18      21)
          91    0.055069    0.158810  (       7      11      21)
          92    0.055144    0.162326  (       6      15      22)
          93    0.055211    0.161867  (       2      11      26)
          94    0.055279    0.159978  (       6      15      21)
          95    0.055372    0.146441  (       3      19      21)
          96    0.055376    0.149173  (       3      20      21)
          97    0.055389    0.140792  (       2      11      23)
          98    0.055488    0.151586  (       3      20      22)
          99    0.055626    0.145832  (       3      20      23)
         100    0.055634    0.160607  (       6      16      22)
