        Rank     LS_RMSE    LS_MaxAE  Feature_ID
           1    0.040735    0.091572  (       1      11      21      31)
           2    0.041493    0.094797  (       1      11      22      31)
           3    0.041654    0.087399  (       1      11      21      38)
           4    0.041697    0.087517  (       1      11      21      37)
           5    0.042095    0.091481  (       1      11      23      31)
           6    0.042098    0.093343  (       6      11      21      31)
           7    0.042136    0.100825  (       1      11      29      31)
           8    0.042316    0.090769  (       1      11      22      38)
           9    0.042350    0.099790  (       1      11      28      31)
          10    0.042358    0.090854  (       1      11      22      37)
          11    0.042472    0.101857  (       1      11      30      31)
          12    0.042735    0.096100  (       1      20      23      31)
          13    0.042836    0.103198  (       1      11      29      32)
          14    0.042845    0.103374  (       1      11      29      33)
          15    0.042861    0.099901  (       1      19      21      31)
          16    0.042892    0.099672  (       6      11      22      31)
          17    0.042909    0.098768  (       1      19      23      31)
          18    0.042915    0.104007  (       1      11      30      32)
          19    0.042932    0.104181  (       1      11      30      33)
          20    0.042937    0.100051  (       1      11      27      31)
          21    0.042998    0.100355  (       1      20      22      31)
          22    0.043019    0.095802  (       1      11      23      38)
          23    0.043026    0.090538  (       6      11      21      38)
          24    0.043056    0.090582  (       6      11      21      37)
          25    0.043057    0.095958  (       1      11      23      37)
          26    0.043058    0.097306  (       1      20      21      31)
          27    0.043120    0.101137  (       1      11      21      33)
          28    0.043151    0.095125  (       6      19      21      31)
          29    0.043179    0.103250  (       1      19      22      31)
          30    0.043210    0.100885  (       1      11      21      32)
          31    0.043311    0.103794  (       1      11      28      32)
          32    0.043328    0.103967  (       1      11      28      33)
          33    0.043329    0.112623  (       1      11      26      31)
          34    0.043401    0.095471  (       6      19      23      31)
          35    0.043408    0.101206  (       1      14      21      31)
          36    0.043419    0.100603  (       1      11      21      35)
          37    0.043433    0.091382  (       6      20      23      31)
          38    0.043534    0.098669  (       6      19      22      31)
          39    0.043561    0.095897  (       6      20      22      31)
          40    0.043582    0.092677  (       6      20      21      31)
          41    0.043655    0.100548  (       6      11      23      31)
          42    0.043671    0.110886  (       1      14      23      31)
          43    0.043679    0.095770  (       6      11      29      31)
          44    0.043687    0.112112  (       1      11      29      39)
          45    0.043706    0.127293  (       1      11      21      39)
          46    0.043715    0.097272  (       6      11      22      38)
          47    0.043717    0.101635  (       7      11      28      31)
          48    0.043743    0.097308  (       6      11      22      37)
          49    0.043751    0.102800  (       7      11      29      31)
          50    0.043753    0.097869  (       6      14      21      31)
          51    0.043771    0.097289  (       1      11      29      37)
          52    0.043783    0.097210  (       1      11      29      38)
          53    0.043786    0.104456  (       1      11      27      32)
          54    0.043801    0.104633  (       1      11      27      33)
          55    0.043801    0.106184  (       1      11      22      33)
          56    0.043814    0.092960  (       1      20      23      38)
          57    0.043820    0.100918  (       1      11      26      33)
          58    0.043831    0.094705  (       6      11      28      31)
          59    0.043847    0.111117  (       1      11      28      39)
          60    0.043850    0.093121  (       1      20      23      37)
          61    0.043869    0.094365  (       1      19      23      38)
          62    0.043870    0.098054  (       1      11      21      40)
          63    0.043888    0.105921  (       1      11      22      32)
          64    0.043897    0.109299  (       1      14      22      31)
          65    0.043906    0.100645  (       1      11      26      32)
          66    0.043911    0.094553  (       1      19      23      37)
          67    0.043917    0.095301  (       1      19      21      38)
          68    0.043956    0.098884  (       1      11      21      36)
          69    0.043961    0.095395  (       1      19      21      37)
          70    0.043985    0.096860  (       6      11      30      31)
          71    0.044023    0.096172  (       1      11      28      37)
          72    0.044023    0.095846  (       1      20      22      38)
          73    0.044034    0.103847  (       7      11      30      31)
          74    0.044037    0.096094  (       1      11      28      38)
          75    0.044048    0.111913  (       1      11      30      39)
          76    0.044061    0.095944  (       1      20      22      37)
          77    0.044080    0.098847  (       1      19      22      38)
          78    0.044094    0.108290  (       2      11      29      31)
          79    0.044113    0.107174  (       2      11      28      31)
          80    0.044123    0.098940  (       1      19      22      37)
          81    0.044125    0.098384  (       1      11      30      37)
          82    0.044137    0.098307  (       1      11      30      38)
          83    0.044150    0.104309  (       1      11      28      34)
          84    0.044158    0.105195  (       1      11      29      34)
          85    0.044158    0.106469  (       1      11      30      34)
          86    0.044159    0.102548  (       1      11      30      36)
          87    0.044183    0.101760  (       1      11      29      36)
          88    0.044215    0.097879  (       1      11      29      35)
          89    0.044219    0.109549  (       6      14      23      31)
          90    0.044222    0.098713  (       1      11      30      35)
          91    0.044238    0.110149  (       1      11      26      38)
          92    0.044238    0.090197  (       6      19      21      38)
          93    0.044250    0.092583  (       1      20      21      38)
          94    0.044264    0.110216  (       1      11      26      37)
          95    0.044268    0.090307  (       6      19      21      37)
          96    0.044287    0.092682  (       1      20      21      37)
          97    0.044311    0.107599  (       6      14      22      31)
          98    0.044359    0.109255  (       2      11      30      31)
          99    0.044394    0.092386  (       6      19      23      38)
         100    0.044395    0.100308  (       1      11      29      40)
