        Rank     LS_RMSE    LS_MaxAE  Feature_ID
           1    0.111036    0.543117  (       1)
           2    0.111805    0.540678  (       2)
           3    0.112626    0.547515  (       3)
           4    0.113457    0.490114  (       4)
           5    0.113878    0.546021  (       5)
           6    0.114033    0.551896  (       6)
           7    0.114046    0.548648  (       7)
           8    0.114146    0.496279  (       8)
           9    0.114413    0.421510  (       9)
          10    0.114718    0.427940  (      10)
