    0.25291E+00
    0.20351E+00
    0.25751E+00
    0.23041E+00
    0.27071E+00
   -0.70742E+00
    0.81800E-02
    0.25508E+00
    0.17278E+00
    0.28468E+00
    0.20120E-01
    0.21750E-01
   -0.15925E+00
    0.66850E-01
    0.57550E-01
    0.24310E-01
   -0.46186E+00
   -0.56060E-01
   -0.10116E+00
   -0.25060E-01
   -0.25840E-01
    0.97310E-01
    0.23710E-01
    0.11481E+00
    0.13695E+00
    0.30550E-01
    0.16245E+00
    0.46420E-01
   -0.38980E-01
    0.10322E+00
    0.68200E-02
   -0.17870E-01
   -0.15606E+00
   -0.45560E-01
   -0.68250E-01
   -0.28086E+00
   -0.15768E+00
   -0.11878E+00
   -0.40846E+00
   -0.13906E+00
   -0.19480E-01
    0.22882E+00
   -0.89730E-01
