    0.24623E+00
    0.19683E+00
    0.25083E+00
    0.22373E+00
    0.26403E+00
   -0.74727E+00
   -0.31670E-01
    0.21523E+00
    0.13293E+00
    0.24483E+00
   -0.79550E-01
    0.48920E-01
   -0.13208E+00
    0.94020E-01
    0.72600E-01
   -0.35780E-01
   -0.43997E+00
   -0.34170E-01
   -0.12303E+00
   -0.46930E-01
    0.65000E-03
    0.12410E+00
    0.50500E-01
    0.14160E+00
    0.16030E+00
    0.53900E-01
    0.18580E+00
    0.70200E-01
   -0.15200E-01
    0.12700E+00
    0.30600E-01
   -0.11812E+00
   -0.17793E+00
   -0.67430E-01
   -0.40790E-01
   -0.31070E+00
   -0.13390E+00
   -0.95000E-01
   -0.38657E+00
   -0.11717E+00
    0.13655E+00
    0.25260E+00
   -0.19074E+00
