        Rank     LS_RMSE    LS_MaxAE  Feature_ID
           1    0.044243    0.112983  (       9      14      21      39      42)
           2    0.044643    0.110967  (       9      14      21      39      43)
           3    0.044833    0.118879  (       2      14      21      39      42)
           4    0.045173    0.128234  (       9      19      21      39      42)
           5    0.045224    0.116845  (       2      14      21      39      43)
           6    0.045512    0.126302  (       9      19      21      39      43)
           7    0.045586    0.114193  (       9      14      24      39      42)
           8    0.045749    0.134232  (       9      19      23      39      42)
           9    0.045975    0.132561  (       9      19      23      39      43)
          10    0.046004    0.112119  (       9      14      24      39      43)
          11    0.046011    0.132225  (       9      19      21      34      42)
          12    0.046123    0.117006  (       9      14      21      34      42)
          13    0.046170    0.120076  (       2      14      24      39      42)
          14    0.046180    0.105836  (       1      20      21      28      33)
          15    0.046259    0.130541  (       9      19      21      34      43)
          16    0.046278    0.114527  (       9      14      27      39      42)
          17    0.046326    0.129303  (       9      19      24      39      42)
          18    0.046370    0.107493  (       4       9      14      23      33)
          19    0.046400    0.107071  (       3       9      14      23      33)
          20    0.046412    0.128981  (       9      19      20      21      33)
          21    0.046414    0.115247  (       9      14      21      34      43)
          22    0.046447    0.122962  (       2      14      21      34      42)
          23    0.046477    0.132750  (       9      19      29      39      42)
          24    0.046565    0.119205  (       9      14      29      39      42)
          25    0.046579    0.117985  (       2      14      24      39      43)
          26    0.046640    0.101733  (       1      20      21      22      33)
          27    0.046646    0.110730  (       4       9      11      23      33)
          28    0.046658    0.098176  (       9      14      21      39      49)
          29    0.046688    0.127310  (       9      19      24      39      43)
          30    0.046710    0.112417  (       9      14      27      39      43)
          31    0.046730    0.107039  (       2       3      14      23      33)
          32    0.046735    0.121183  (       2      14      21      34      43)
          33    0.046748    0.102327  (       9      14      23      32      33)
          34    0.046766    0.111187  (       2       4      11      23      33)
          35    0.046768    0.130906  (       9      19      29      39      43)
          36    0.046837    0.107554  (       2       4      14      23      33)
          37    0.046854    0.120419  (       2      14      27      39      42)
          38    0.046860    0.107701  (       6      20      21      28      33)
          39    0.046861    0.137507  (       9      19      23      34      42)
          40    0.046863    0.103830  (       1      20      24      28      33)
          41    0.046878    0.122192  (       2      11      21      39      42)
          42    0.046891    0.117285  (       9      14      29      39      43)
          43    0.046909    0.109160  (       1      20      21      26      33)
          44    0.046911    0.129570  (       9      19      27      39      42)
          45    0.046925    0.122436  (       9      14      23      39      42)
          46    0.046930    0.124942  (       2      14      29      39      42)
          47    0.046938    0.111053  (       2       3      11      23      33)
          48    0.046959    0.110667  (       3       9      11      23      33)
          49    0.047010    0.090122  (       9      14      21      39      46)
          50    0.047017    0.136080  (       9      19      23      34      43)
          51    0.047046    0.105389  (       9      14      23      33      35)
          52    0.047073    0.128127  (       2      14      23      39      42)
          53    0.047122    0.114403  (       2      14      21      36      40)
          54    0.047131    0.127110  (       2      19      20      21      33)
          55    0.047153    0.133307  (       9      19      24      34      42)
          56    0.047168    0.102951  (       1      20      27      28      33)
          57    0.047169    0.120697  (       9      14      23      39      43)
          58    0.047205    0.123883  (       2      14      20      21      33)
          59    0.047207    0.123268  (       2      11      21      39      43)
          60    0.047249    0.117049  (       2      14      21      36      47)
          61    0.047253    0.123002  (       2      14      29      39      43)
          62    0.047259    0.124307  (       9      14      20      21      33)
          63    0.047276    0.118292  (       2      14      27      39      43)
          64    0.047287    0.127541  (       9      19      27      39      43)
          65    0.047298    0.099558  (       1      20      22      24      33)
          66    0.047306    0.114364  (       9      11      21      39      42)
          67    0.047313    0.115288  (       9      14      21      36      40)
          68    0.047317    0.126363  (       2      14      23      39      43)
          69    0.047319    0.101031  (       2      14      23      32      33)
          70    0.047421    0.131567  (       9      19      24      34      43)
          71    0.047424    0.118230  (       9      14      24      34      42)
          72    0.047493    0.103784  (       9      14      21      34      49)
          73    0.047530    0.105666  (       6      20      24      28      33)
          74    0.047531    0.104857  (       2       4      12      23      33)
          75    0.047546    0.136397  (       9      19      29      34      42)
          76    0.047550    0.104860  (       1      20      21      25      33)
          77    0.047568    0.091294  (       9      14      21      39      45)
          78    0.047589    0.098610  (       1      20      22      27      33)
          79    0.047615    0.102966  (       2      14      23      33      35)
          80    0.047630    0.115458  (       9      11      21      39      43)
          81    0.047646    0.107424  (       1      20      24      26      33)
          82    0.047653    0.103951  (       6      20      21      22      33)
          83    0.047674    0.111635  (       1      20      21      30      33)
          84    0.047697    0.139843  (       2      19      23      39      42)
          85    0.047715    0.133574  (       9      19      27      34      42)
          86    0.047732    0.116417  (       9      14      24      34      43)
          87    0.047738    0.124144  (       9      19      20      23      33)
          88    0.047740    0.112142  (       9      11      21      39      49)
          89    0.047749    0.124174  (       2      14      24      34      42)
          90    0.047749    0.104344  (       1      20      28      29      33)
          91    0.047753    0.134810  (       9      19      29      34      43)
          92    0.047776    0.093864  (       9      19      23      34      40)
          93    0.047803    0.134087  (       2      19      21      39      42)
          94    0.047817    0.111065  (       9      19      23      32      33)
          95    0.047825    0.114485  (       9      19      23      39      41)
          96    0.047828    0.104782  (       6      20      27      28      33)
          97    0.047836    0.102871  (      10      19      23      28      47)
          98    0.047867    0.109054  (      10      19      23      30      47)
          99    0.047882    0.115284  (       2      14      24      36      40)
         100    0.047895    0.117829  (       2      14      21      36      50)
