        Rank     LS_RMSE    LS_MaxAE  Feature_ID
           1    0.122288    0.478719  (       1)
           2    0.122641    0.485276  (       2)
           3    0.123139    0.459479  (       3)
           4    0.123649    0.461541  (       4)
           5    0.123907    0.500367  (       5)
           6    0.124064    0.484449  (       6)
           7    0.124262    0.474059  (       7)
           8    0.124810    0.503520  (       8)
           9    0.124938    0.491604  (       9)
          10    0.125143    0.414563  (      10)
