        Rank     LS_RMSE    LS_MaxAE  Feature_ID
           1    0.054020    0.111236  (       9      19      23      39)
           2    0.054173    0.106226  (       9      19      23      34)
           3    0.054346    0.126422  (       9      14      21      36)
           4    0.054541    0.120092  (       9      19      23      32)
           5    0.054542    0.108021  (       1      12      21      36)
           6    0.054581    0.119477  (       9      19      23      35)
           7    0.054627    0.114918  (       9      14      21      32)
           8    0.054821    0.108516  (       6      12      21      36)
           9    0.054895    0.119499  (       9      14      23      35)
          10    0.054922    0.118685  (       9      14      21      35)
          11    0.054943    0.121937  (       9      14      23      32)
          12    0.055078    0.100582  (       9      19      23      40)
          13    0.055083    0.116828  (       6      11      21      36)
          14    0.055086    0.133413  (       2      14      21      36)
          15    0.055143    0.115357  (       9      14      23      39)
          16    0.055156    0.118112  (       2      14      23      35)
          17    0.055171    0.100360  (       2      19      23      40)
          18    0.055190    0.114980  (       2      14      21      32)
          19    0.055192    0.120516  (       2      14      23      32)
          20    0.055242    0.110075  (       9      19      23      31)
          21    0.055362    0.112388  (       9      19      23      37)
          22    0.055385    0.113125  (       2      14      23      39)
          23    0.055487    0.105878  (       9      14      23      38)
          24    0.055491    0.131661  (       9      14      24      36)
          25    0.055499    0.117295  (       2      14      21      35)
          26    0.055501    0.144694  (       9      14      23      33)
          27    0.055587    0.103634  (       2      11      23      38)
          28    0.055596    0.102757  (       9      11      23      38)
          29    0.055675    0.108308  (       2      19      23      39)
          30    0.055693    0.150277  (       9      19      23      33)
          31    0.055720    0.103708  (       2      19      23      34)
          32    0.055736    0.141283  (       2      14      23      33)
          33    0.055748    0.137363  (       9      14      29      32)
          34    0.055784    0.121084  (       1      11      21      36)
          35    0.055788    0.118817  (       1      12      24      36)
          36    0.055789    0.130508  (       9      14      24      32)
          37    0.055789    0.116875  (       9      14      23      34)
          38    0.055823    0.125934  (       9      19      21      32)
          39    0.055850    0.139769  (       9      14      29      35)
          40    0.055857    0.128430  (       9      19      29      39)
          41    0.055886    0.129282  (       9      19      29      34)
          42    0.055907    0.118596  (       2      14      23      34)
          43    0.055953    0.112233  (       2      14      23      38)
          44    0.055957    0.126135  (       9      19      21      36)
          45    0.055992    0.146098  (       2      11      23      33)
          46    0.056007    0.138684  (       9      14      27      36)
          47    0.056013    0.130339  (       9      14      21      39)
          48    0.056059    0.121210  (       9      19      23      36)
          49    0.056064    0.120410  (       2      19      23      32)
          50    0.056073    0.119621  (       6      12      24      36)
          51    0.056091    0.133140  (       9      14      24      35)
          52    0.056103    0.121107  (       9      14      29      39)
          53    0.056122    0.119215  (       2      19      23      35)
          54    0.056148    0.138000  (       2      14      29      32)
          55    0.056154    0.134779  (       6      11      24      36)
          56    0.056193    0.148484  (       9      19      29      32)
          57    0.056225    0.133771  (       2      14      24      36)
          58    0.056240    0.128503  (       9      19      21      35)
          59    0.056241    0.145956  (       9      11      23      33)
          60    0.056245    0.125524  (       9      19      23      38)
          61    0.056256    0.121251  (       9      19      21      34)
          62    0.056264    0.140409  (       2      14      29      35)
          63    0.056283    0.121546  (       2      11      21      32)
          64    0.056289    0.120860  (       2      11      23      35)
          65    0.056292    0.113062  (       9      14      23      31)
          66    0.056328    0.125846  (       1      12      27      36)
          67    0.056328    0.125299  (       2      14      23      40)
          68    0.056333    0.123236  (       2      11      23      32)
          69    0.056347    0.131079  (       2      14      24      32)
          70    0.056372    0.126938  (       9      14      23      36)
          71    0.056385    0.124220  (       9      14      21      34)
          72    0.056389    0.136833  (       9      14      27      32)
          73    0.056406    0.151073  (       9      19      29      35)
          74    0.056413    0.121009  (       9      11      21      32)
          75    0.056441    0.151094  (       9      11      21      36)
          76    0.056454    0.140926  (       9      14      29      36)
          77    0.056476    0.125825  (       9      19      21      39)
          78    0.056500    0.127842  (       2      11      23      39)
          79    0.056509    0.118777  (       2      14      29      39)
          80    0.056511    0.156799  (       2      11      21      36)
          81    0.056527    0.109852  (       2      14      23      31)
          82    0.056564    0.127864  (       2      14      21      39)
          83    0.056572    0.123878  (       2      11      21      35)
          84    0.056598    0.141780  (       6      11      27      36)
          85    0.056613    0.126663  (       6      12      27      36)
          86    0.056626    0.122569  (       9      11      23      35)
          87    0.056652    0.111700  (       2      19      23      37)
          88    0.056661    0.133044  (       9      14      29      38)
          89    0.056663    0.133723  (       2      14      24      35)
          90    0.056674    0.117928  (       9      11      21      38)
          91    0.056674    0.124970  (       9      11      23      32)
          92    0.056688    0.135555  (       9      11      29      38)
          93    0.056690    0.120100  (       9      14      29      34)
          94    0.056694    0.123342  (       9      11      21      35)
          95    0.056709    0.139622  (       9      14      27      35)
          96    0.056726    0.133665  (       2      14      23      36)
          97    0.056739    0.139381  (       2      14      27      36)
          98    0.056798    0.122235  (       2      14      21      34)
          99    0.056802    0.114455  (       2      19      23      31)
         100    0.056806    0.119817  (       9      14      21      38)
