        Rank     LS_RMSE    LS_MaxAE  Feature_ID
           1    0.035111    0.089412  (       9      11      20      21      33      55)
           2    0.035213    0.087723  (       9      14      20      21      33      55)
           3    0.035773    0.092928  (       9      12      20      21      33      55)
           4    0.036313    0.092062  (       2      11      20      21      33      55)
           5    0.036385    0.091875  (       9      19      20      21      33      55)
           6    0.036397    0.098668  (       2      12      20      21      33      55)
           7    0.036636    0.088473  (       2      14      20      21      33      55)
           8    0.036939    0.107838  (       9      11      20      24      33      55)
           9    0.037023    0.087947  (       9      11      20      23      33      55)
          10    0.037116    0.105902  (       9      14      20      24      33      55)
          11    0.037221    0.081568  (       9      14      20      23      33      55)
          12    0.037679    0.097895  (       9      12      20      24      33      55)
          13    0.037759    0.116211  (       9      11      20      29      33      55)
          14    0.037759    0.114948  (       9      11      20      27      33      55)
          15    0.037892    0.114267  (       9      14      20      29      33      55)
          16    0.037916    0.086302  (       9      19      20      23      33      55)
          17    0.037963    0.112907  (       9      14      20      27      33      55)
          18    0.038075    0.094015  (       2      11      20      23      33      55)
          19    0.038090    0.094775  (       9      12      20      23      33      55)
          20    0.038105    0.108778  (       2      11      20      24      33      55)
          21    0.038178    0.109996  (       9      19      20      24      33      55)
          22    0.038186    0.090996  (       2      19      20      21      33      55)
          23    0.038286    0.100054  (       2      12      20      24      33      55)
          24    0.038468    0.085001  (       2      14      20      23      33      55)
          25    0.038471    0.106360  (       9      12      20      29      33      55)
          26    0.038485    0.106540  (       2      14      20      24      33      55)
          27    0.038552    0.104997  (       9      12      20      27      33      55)
          28    0.038590    0.100414  (       2      12      20      23      33      55)
          29    0.038864    0.117096  (       2      11      20      29      33      55)
          30    0.038905    0.115840  (       2      11      20      27      33      55)
          31    0.038936    0.118296  (       9      19      20      29      33      55)
          32    0.038947    0.117025  (       9      19      20      27      33      55)
          33    0.039031    0.077622  (       9      14      20      21      33      53)
          34    0.039038    0.108438  (       2      12      20      29      33      55)
          35    0.039149    0.107103  (       2      12      20      27      33      55)
          36    0.039172    0.085965  (       9      11      20      21      33      53)
          37    0.039179    0.085448  (       9      19      20      21      33      53)
          38    0.039199    0.114859  (       2      14      20      29      33      55)
          39    0.039305    0.113506  (       2      14      20      27      33      55)
          40    0.039574    0.085464  (       2      19      20      23      33      55)
          41    0.039856    0.116559  (       9      12      21      34      42      52)
          42    0.039920    0.109043  (       2      19      20      24      33      55)
          43    0.039941    0.084668  (       9      14      20      21      33      51)
          44    0.039962    0.110307  (       9      12      21      39      42      52)
          45    0.039979    0.090013  (       9      11      21      31      43      55)
          46    0.040032    0.089552  (       9      11      21      31      42      55)
          47    0.040079    0.115041  (       9      12      21      34      43      52)
          48    0.040108    0.085756  (       9      14      21      39      42      55)
          49    0.040110    0.091157  (       9      12      20      21      33      53)
          50    0.040128    0.092297  (       9      11      20      21      33      51)
          51    0.040179    0.092905  (       2      11      20      21      33      53)
          52    0.040218    0.096330  (       9      14      21      31      42      55)
          53    0.040220    0.089505  (       9      19      20      21      33      51)
          54    0.040231    0.085174  (       2      14      20      21      33      53)
          55    0.040256    0.096683  (       9      14      21      31      43      55)
          56    0.040286    0.108536  (       9      12      21      39      43      52)
          57    0.040341    0.082592  (       9      14      21      39      43      55)
          58    0.040443    0.115555  (       9      11      21      39      42      52)
          59    0.040473    0.093099  (       9      14      20      24      33      53)
          60    0.040531    0.093677  (       9      11      20      24      33      53)
          61    0.040576    0.099466  (       9      20      21      33      36      55)
          62    0.040582    0.097507  (       9      19      20      24      33      53)
          63    0.040608    0.117333  (       2      19      20      29      33      55)
          64    0.040656    0.097967  (       2      12      20      21      33      53)
          65    0.040663    0.116045  (       2      19      20      27      33      55)
          66    0.040666    0.086650  (       9      11      29      31      43      55)
          67    0.040717    0.113851  (       9      11      21      39      43      52)
          68    0.040731    0.088246  (       9      11      29      31      42      55)
          69    0.040742    0.121665  (       9      11      21      34      42      52)
          70    0.040754    0.092665  (       3       9      11      23      33      55)
          71    0.040762    0.095611  (       9      14      21      39      42      57)
          72    0.040764    0.092764  (       9      14      21      39      42      53)
          73    0.040812    0.093016  (       9      14      29      31      42      55)
          74    0.040820    0.091989  (       2      19      20      21      33      53)
          75    0.040825    0.092950  (       9      14      29      31      43      55)
          76    0.040832    0.090714  (       9      11      24      31      43      55)
          77    0.040847    0.090303  (       9      11      24      31      42      55)
          78    0.040858    0.099691  (       9      14      21      39      42      56)
          79    0.040893    0.114030  (       2      12      21      39      42      52)
          80    0.040894    0.093999  (       4       9      11      23      33      55)
          81    0.040918    0.120218  (       9      11      21      34      43      52)
          82    0.040928    0.117988  (       9      14      21      39      42      52)
          83    0.040933    0.094508  (       9      14      21      39      42      51)
          84    0.040936    0.121076  (       2      14      21      39      42      54)
          85    0.040940    0.119991  (       2      12      21      34      42      52)
          86    0.040960    0.091595  (       9      14      21      39      43      53)
          87    0.040998    0.099037  (       9      14      21      33      39      42)
          88    0.041000    0.079884  (       4       9      12      23      33      55)
          89    0.041027    0.096516  (       2      20      21      33      36      55)
          90    0.041036    0.090197  (       9      11      23      31      43      55)
          91    0.041063    0.095852  (       9      14      21      39      43      51)
          92    0.041108    0.098529  (       9      12      20      21      33      51)
          93    0.041110    0.099055  (       2      11      20      21      33      51)
          94    0.041119    0.124291  (       9      14      21      34      42      52)
          95    0.041126    0.097591  (       9      14      21      39      43      56)
          96    0.041132    0.090365  (       2      14      20      21      33      51)
          97    0.041132    0.100020  (       9      14      20      27      33      53)
          98    0.041148    0.093726  (       9      14      23      31      43      55)
          99    0.041155    0.101967  (       9      14      21      39      42      59)
         100    0.041157    0.100737  (       9      11      20      27      33      53)
