        Rank     LS_RMSE    LS_MaxAE  Feature_ID
           1    0.065022    0.170075  (       9      19      23)
           2    0.066004    0.169045  (       2      19      23)
           3    0.066413    0.162153  (       2      14      23)
           4    0.066524    0.162267  (       9      14      23)
           5    0.067216    0.167604  (       2      11      23)
           6    0.067456    0.203037  (       9      19      29)
           7    0.067714    0.182244  (       9      19      21)
           8    0.067771    0.167686  (       9      11      23)
           9    0.068096    0.173671  (       9      14      21)
          10    0.068184    0.173472  (       2      14      21)
          11    0.068281    0.167029  (       6      11      23)
          12    0.068324    0.194610  (       2      14      29)
          13    0.068332    0.194763  (       9      14      29)
          14    0.068561    0.202046  (       2      19      29)
          15    0.068655    0.197888  (       9      19      24)
          16    0.068899    0.179743  (       2      11      21)
          17    0.068914    0.166027  (       1      11      23)
          18    0.068981    0.181108  (       2      19      21)
          19    0.069079    0.203922  (       9      19      27)
          20    0.069130    0.189464  (       9      14      24)
          21    0.069139    0.200570  (       2      11      29)
          22    0.069219    0.189214  (       2      14      24)
          23    0.069317    0.179912  (       9      11      21)
          24    0.069393    0.183523  (       9      15      19)
          25    0.069604    0.195515  (       9      14      27)
          26    0.069615    0.200731  (       9      11      29)
          27    0.069694    0.195241  (       2      14      27)
          28    0.069809    0.182893  (       2      15      19)
          29    0.069831    0.178976  (       6      11      21)
          30    0.069866    0.195639  (       2      11      24)
          31    0.069911    0.196716  (       2      19      24)
          32    0.070105    0.160109  (       6      14      23)
          33    0.070182    0.199279  (       6      11      29)
          34    0.070254    0.180419  (       1      12      23)
          35    0.070273    0.195869  (       9      11      24)
          36    0.070305    0.201762  (       2      11      27)
          37    0.070333    0.202728  (       2      19      27)
          38    0.070365    0.185993  (       6      12      23)
          39    0.070694    0.177865  (       1      11      21)
          40    0.070707    0.202018  (       9      11      27)
          41    0.070796    0.194531  (       6      11      24)
          42    0.070893    0.198281  (       1      11      29)
          43    0.071081    0.166604  (       1      14      23)
          44    0.071160    0.176813  (       2      14      15)
          45    0.071217    0.200526  (       6      11      27)
          46    0.071409    0.181345  (       2      12      23)
          47    0.071572    0.176677  (       9      14      15)
          48    0.071574    0.182784  (       6      12      21)
          49    0.071601    0.176998  (       1      12      21)
          50    0.071641    0.193376  (       1      11      24)
          51    0.071956    0.188584  (       1      12      29)
          52    0.072017    0.188912  (       6      12      29)
          53    0.072059    0.199347  (       1      11      27)
          54    0.072111    0.171178  (       6      14      21)
          55    0.072131    0.192045  (       6      14      29)
          56    0.072196    0.181088  (       2      11      15)
          57    0.072586    0.180598  (       6      11      15)
          58    0.072640    0.183537  (       6      12      24)
          59    0.072658    0.183126  (       1      12      24)
          60    0.072840    0.186190  (       9      12      23)
          61    0.072878    0.179861  (       1      11      15)
          62    0.072945    0.181005  (       9      11      15)
          63    0.073080    0.177806  (       2      12      21)
          64    0.073095    0.186600  (       6      14      24)
          65    0.073118    0.189468  (       6      12      27)
          66    0.073134    0.189036  (       1      12      27)
          67    0.073178    0.198175  (      10      14      21)
          68    0.073206    0.191148  (       1      14      29)
          69    0.073211    0.189558  (       2      12      29)
          70    0.073361    0.181459  (       1      14      21)
          71    0.073439    0.175446  (       6      14      15)
          72    0.073475    0.185637  (       6      19      23)
          73    0.073538    0.192502  (       6      14      27)
          74    0.073653    0.196483  (      10      19      23)
          75    0.073711    0.207761  (      10      19      21)
          76    0.073917    0.187598  (      10      14      23)
          77    0.073983    0.174883  (       1      14      15)
          78    0.074053    0.186669  (       1      12      15)
          79    0.074076    0.203850  (      10      11      21)
          80    0.074109    0.183788  (       2      12      24)
          81    0.074308    0.192020  (       6      12      15)
          82    0.074319    0.185520  (       1      14      24)
          83    0.074335    0.210449  (      10      14      24)
          84    0.074440    0.261326  (      10      19      22)
          85    0.074498    0.182820  (       9      12      21)
          86    0.074592    0.189848  (       2      12      27)
          87    0.074607    0.188964  (       9      12      29)
          88    0.074756    0.191403  (       1      14      27)
          89    0.074784    0.219711  (      10      19      24)
          90    0.074799    0.192578  (      10      11      23)
          91    0.074808    0.212906  (      10      14      29)
          92    0.074822    0.215009  (      10      14      27)
          93    0.074836    0.187887  (       6      15      19)
          94    0.074883    0.228422  (       9      13      19)
          95    0.074899    0.193564  (       1      19      23)
          96    0.074905    0.260306  (      10      19      25)
          97    0.074915    0.257497  (      10      19      26)
          98    0.074974    0.221990  (      10      19      29)
          99    0.075100    0.229673  (       2      13      19)
         100    0.075175    0.216369  (      10      11      24)
