        Rank     LS_RMSE    LS_MaxAE  Feature_ID
           1    0.083724    0.239221  (      10      19)
           2    0.083809    0.231512  (      10      14)
           3    0.084294    0.331711  (       9      19)
           4    0.084410    0.259206  (       1      13)
           5    0.084894    0.235291  (      10      11)
           6    0.084977    0.323201  (       2      14)
           7    0.084995    0.321384  (       9      14)
           8    0.085125    0.260693  (       6      13)
           9    0.085257    0.259120  (       2      13)
          10    0.085258    0.335486  (       2      19)
          11    0.085747    0.324032  (       2      11)
          12    0.085899    0.318118  (       6      11)
          13    0.086185    0.323240  (       9      11)
          14    0.086511    0.320300  (       1      11)
          15    0.086688    0.259902  (       9      13)
          16    0.087387    0.316463  (       1      12)
          17    0.087469    0.315862  (       6      12)
          18    0.087603    0.323522  (       6      14)
          19    0.088555    0.326696  (       1      14)
          20    0.089032    0.242993  (      10      12)
          21    0.089294    0.327037  (       2      12)
          22    0.090101    0.247355  (       1      16)
          23    0.090176    0.325496  (       1      15)
          24    0.090286    0.320096  (       2      15)
          25    0.090572    0.328285  (       9      12)
          26    0.090967    0.248590  (       6      16)
          27    0.091425    0.344748  (       6      19)
          28    0.091512    0.330404  (       6      15)
          29    0.091685    0.246009  (       2      16)
          30    0.092029    0.300423  (       2      20)
          31    0.092132    0.343321  (       1      17)
          32    0.092235    0.325259  (       9      15)
          33    0.092802    0.348912  (       1      19)
          34    0.093294    0.246407  (       9      16)
          35    0.093348    0.300093  (       1      20)
          36    0.093460    0.301443  (       9      20)
          37    0.093585    0.348560  (       6      17)
          38    0.093712    0.346761  (       1      18)
          39    0.094092    0.216208  (       5      15)
          40    0.094207    0.337242  (       2      17)
          41    0.094369    0.301364  (       6      20)
          42    0.094420    0.204100  (       5      13)
          43    0.094749    0.219118  (       8      15)
          44    0.095113    0.352225  (       6      18)
          45    0.095213    0.267435  (      10      13)
          46    0.095232    0.205186  (       8      13)
          47    0.095378    0.340455  (       2      18)
          48    0.096137    0.342798  (       9      17)
          49    0.096986    0.258335  (       3      13)
          50    0.097258    0.346236  (       9      18)
          51    0.097484    0.259612  (       4      13)
          52    0.098039    0.241432  (       3      15)
          53    0.098154    0.259723  (      10      16)
          54    0.098350    0.242731  (       4      15)
          55    0.098988    0.278690  (       7      15)
          56    0.099686    0.229731  (       5      17)
          57    0.100112    0.232908  (       8      17)
          58    0.100575    0.256115  (       7      13)
          59    0.100823    0.228784  (       5      18)
          60    0.100925    0.302651  (      10      15)
          61    0.101438    0.232001  (       8      18)
          62    0.103375    0.317311  (      10      17)
          63    0.104021    0.290610  (       5      16)
          64    0.104060    0.293549  (      10      20)
          65    0.104399    0.319056  (      10      18)
          66    0.104712    0.291542  (       8      16)
          67    0.104766    0.241526  (       3      17)
          68    0.104885    0.242955  (       4      17)
          69    0.104898    0.357922  (       7      12)
          70    0.105181    0.364929  (       7      14)
          71    0.105449    0.267667  (       3      16)
          72    0.105548    0.243722  (       3      18)
          73    0.105741    0.365953  (       7      11)
          74    0.105757    0.291013  (       7      17)
          75    0.105823    0.245165  (       4      18)
          76    0.105833    0.268412  (       4      16)
          77    0.106554    0.291647  (       7      18)
          78    0.106696    0.279806  (       7      16)
          79    0.107604    0.381985  (       7      19)
          80    0.108958    0.400437  (       5      12)
          81    0.109616    0.366553  (       3      12)
          82    0.110096    0.403995  (       8      12)
          83    0.110353    0.369269  (       4      12)
          84    0.110643    0.450084  (       2       4)
          85    0.110765    0.412702  (       5      11)
          86    0.110818    0.353393  (       7      20)
          87    0.111113    0.450237  (       2       3)
          88    0.111523    0.378660  (       3      11)
          89    0.111620    0.452145  (       4       9)
          90    0.111652    0.381996  (       5      20)
          91    0.111905    0.418661  (       5      14)
          92    0.112078    0.381830  (       3      14)
          93    0.112155    0.452343  (       3       9)
          94    0.112349    0.418155  (       8      11)
          95    0.112371    0.383510  (       8      20)
          96    0.112720    0.383434  (       4      11)
          97    0.113374    0.414863  (       4      10)
          98    0.113517    0.475854  (       2       8)
          99    0.113561    0.387942  (       4      14)
         100    0.113748    0.425331  (       8      14)
