   -0.73000E-01    0.73061E+00    0.44864E+00    0.72322E+00    0.14651E+01    0.43700E+00    0.17216E+01    0.40735E+00    0.13787E+01    0.17216E+01   -0.31810E+00
   -0.12240E+00    0.77563E+00    0.49274E+00    0.76983E+00    0.15210E+01    0.48362E+00    0.18544E+01    0.45132E+00    0.14313E+01    0.18544E+01   -0.38523E+00
   -0.68400E-01    0.67283E+00    0.38888E+00    0.66888E+00    0.13999E+01    0.38266E+00    0.15120E+01    0.34730E+00    0.13173E+01    0.15120E+01   -0.23986E+00
   -0.60000E-01    0.63510E+00    0.30164E+00    0.58958E+00    0.11350E+01    0.20727E+00    0.28246E+01    0.46376E+00    0.10681E+01    0.28246E+01    0.77998E-01
   -0.95500E-01    0.65810E+00    0.33753E+00    0.60056E+00    0.11482E+01    0.21825E+00    0.29894E+01    0.49338E+00    0.10805E+01    0.29894E+01    0.62182E-01
   -0.55200E-01    0.61674E+00    0.27589E+00    0.57810E+00    0.11212E+01    0.19579E+00    0.27033E+01    0.44160E+00    0.10551E+01    0.27033E+01    0.94530E-01
   -0.76900E-01    0.21313E+00    0.10135E+01    0.23250E+00    0.13192E+01    0.96674E+00    0.25883E+01    0.33872E+00    0.12345E+01    0.20291E+01   -0.12074E+00
   -0.10770E+01    0.22146E+01    0.22091E+01    0.21978E+01    0.24874E+01    0.21980E+01    0.93066E+01    0.22290E+01    0.23872E+01    0.93066E+01   -0.15342E+01
   -0.36140E+00    0.19632E+01    0.19613E+01    0.19569E+01    0.22150E+01    0.19572E+01    0.86567E+01    0.19681E+01    0.21257E+01    0.86567E+01   -0.12259E+01
   -0.11450E+00    0.98470E+00    0.87422E+00    0.97487E+00    0.14449E+01    0.86067E+00    0.36833E+01    0.79929E+00    0.13866E+01    0.36833E+01   -0.35468E+00
   -0.19680E+00    0.10501E+01    0.93907E+00    0.10419E+01    0.15207E+01    0.92766E+00    0.38900E+01    0.86374E+00    0.14594E+01    0.38900E+01   -0.44043E+00
   -0.84900E-01    0.92106E+00    0.80902E+00    0.91535E+00    0.13775E+01    0.80115E+00    0.34370E+01    0.73304E+00    0.13220E+01    0.34370E+01   -0.27850E+00
   -0.51090E+00    0.18305E+01    0.18470E+01    0.18233E+01    0.19163E+01    0.18394E+01    0.88578E+01    0.20198E+01    0.17738E+01    0.88578E+01   -0.82636E+00
   -0.24870E+00    0.95842E+00    0.87603E+00    0.93335E+00    0.13947E+01    0.84234E+00    0.39543E+01    0.76247E+00    0.13258E+01    0.39543E+01   -0.26846E+00
   -0.42970E+00    0.10888E+01    0.10102E+01    0.10525E+01    0.15334E+01    0.96151E+00    0.45689E+01    0.90199E+00    0.14577E+01    0.45689E+01   -0.42994E+00
   -0.20360E+00    0.94948E+00    0.86616E+00    0.92710E+00    0.13874E+01    0.83609E+00    0.39000E+01    0.75132E+00    0.13189E+01    0.39000E+01   -0.26000E+00
   -0.50170E+00    0.20997E+01    0.20626E+01    0.20761E+01    0.19781E+01    0.20405E+01    0.93023E+01    0.22908E+01    0.18040E+01    0.93023E+01   -0.86977E+00
   -0.37490E+00    0.17356E+01    0.17432E+01    0.16827E+01    0.19841E+01    0.17065E+01    0.87364E+01    0.17174E+01    0.19067E+01    0.87364E+01   -0.96602E+00
   -0.74080E+00    0.17504E+01    0.17503E+01    0.17266E+01    0.20682E+01    0.17256E+01    0.74550E+01    0.17483E+01    0.19577E+01    0.74550E+01   -0.10483E+01
   -0.33500E+00    0.14257E+01    0.14249E+01    0.14181E+01    0.17045E+01    0.14171E+01    0.65064E+01    0.14143E+01    0.16135E+01    0.65064E+01   -0.61961E+00
   -0.45320E+00    0.21409E+01    0.21320E+01    0.21608E+01    0.23733E+01    0.21509E+01    0.84175E+01    0.22981E+01    0.22283E+01    0.84175E+01   -0.14077E+01
   -0.37710E+00    0.17299E+01    0.17201E+01    0.17328E+01    0.18562E+01    0.17229E+01    0.75059E+01    0.19021E+01    0.17427E+01    0.75059E+01   -0.78282E+00
   -0.29730E+00    0.11109E+01    0.10742E+01    0.10949E+01    0.15062E+01    0.10550E+01    0.52612E+01    0.98674E+00    0.14327E+01    0.52612E+01   -0.40008E+00
   -0.17380E+00    0.11339E+01    0.10955E+01    0.11172E+01    0.15159E+01    0.10748E+01    0.41667E+01    0.95689E+00    0.14384E+01    0.41667E+01   -0.40435E+00
   -0.24740E+00    0.12285E+01    0.11931E+01    0.11989E+01    0.16115E+01    0.11564E+01    0.45828E+01    0.10656E+01    0.15291E+01    0.45828E+01   -0.51620E+00
   -0.15630E+00    0.11303E+01    0.10919E+01    0.11136E+01    0.15116E+01    0.10711E+01    0.41524E+01    0.95334E+00    0.14344E+01    0.41524E+01   -0.39932E+00
   -0.13960E+00    0.77454E+00    0.62135E+00    0.74330E+00    0.11811E+01    0.56921E+00    0.34820E+01    0.62999E+00    0.11187E+01    0.34820E+01   -0.49393E-02
   -0.24600E+00    0.83002E+00    0.68532E+00    0.78609E+00    0.12314E+01    0.61201E+00    0.38166E+01    0.69348E+00    0.11664E+01    0.38166E+01   -0.64213E-01
   -0.11410E+00    0.76552E+00    0.60991E+00    0.73790E+00    0.11747E+01    0.56382E+00    0.34202E+01    0.61868E+00    0.11126E+01    0.34202E+01    0.25331E-02
   -0.22910E+00    0.10844E+01    0.10589E+01    0.10696E+01    0.15109E+01    0.10424E+01    0.39099E+01    0.89257E+00    0.14390E+01    0.39099E+01   -0.40903E+00
   -0.31450E+00    0.12424E+01    0.12182E+01    0.12164E+01    0.16808E+01    0.11892E+01    0.45114E+01    0.10602E+01    0.16008E+01    0.45114E+01   -0.60570E+00
   -0.17230E+00    0.10529E+01    0.10275E+01    0.10380E+01    0.14743E+01    0.10108E+01    0.37839E+01    0.86127E+00    0.14041E+01    0.37839E+01   -0.36658E+00
   -0.26870E+00    0.11977E+01    0.11849E+01    0.11826E+01    0.16069E+01    0.11688E+01    0.51471E+01    0.10843E+01    0.15304E+01    0.51471E+01   -0.52012E+00
   -0.57740E+00    0.21588E+01    0.21574E+01    0.21604E+01    0.23025E+01    0.21590E+01    0.90320E+01    0.24099E+01    0.21246E+01    0.90320E+01   -0.13106E+01
   -0.39760E+00    0.17888E+01    0.17815E+01    0.17913E+01    0.18951E+01    0.17839E+01    0.88060E+01    0.19912E+01    0.17793E+01    0.88060E+01   -0.82991E+00
   -0.33830E+00    0.14073E+01    0.14078E+01    0.14002E+01    0.17108E+01    0.14007E+01    0.67336E+01    0.13771E+01    0.16254E+01    0.67336E+01   -0.63515E+00
   -0.64700E+00    0.20823E+01    0.20426E+01    0.20748E+01    0.22364E+01    0.20363E+01    0.82427E+01    0.24093E+01    0.20973E+01    0.82427E+01   -0.12415E+01
   -0.43320E+00    0.24643E+01    0.24111E+01    0.24779E+01    0.26675E+01    0.24202E+01    0.96614E+01    0.26799E+01    0.25405E+01    0.96614E+01   -0.17479E+01
   -0.39430E+00    0.19467E+01    0.18911E+01    0.19532E+01    0.20601E+01    0.18954E+01    0.84177E+01    0.21720E+01    0.19620E+01    0.84177E+01   -0.10447E+01
   -0.41800E+00    0.14738E+01    0.14749E+01    0.14564E+01    0.17132E+01    0.14566E+01    0.65330E+01    0.14943E+01    0.16217E+01    0.65330E+01   -0.62982E+00
   -0.49870E+00    0.21223E+01    0.21666E+01    0.21281E+01    0.23099E+01    0.21730E+01    0.85689E+01    0.24317E+01    0.20944E+01    0.85689E+01   -0.12991E+01
   -0.46700E-01    0.40419E+00    0.45477E+00    0.40003E+00    0.12850E+01    0.46398E+00    0.11960E+01    0.22528E-01    0.12238E+01    0.35600E+00   -0.14750E+00
   -0.63130E+00    0.20413E+01    0.20290E+01    0.20280E+01    0.22440E+01    0.20164E+01    0.77877E+01    0.24198E+01    0.20749E+01    0.77877E+01   -0.12384E+01
