        Rank     LS_RMSE    LS_MaxAE  Feature_ID
           1    0.038469    0.093490  (       1      15      22      31      46)
           2    0.038479    0.092569  (       1      15      24      31      46)
           3    0.038483    0.093480  (       1      15      21      31      46)
           4    0.038498    0.092555  (       1      15      23      31      46)
           5    0.038540    0.093288  (       1      15      27      31      46)
           6    0.038554    0.093277  (       1      15      26      31      46)
           7    0.038840    0.096238  (       1      15      24      38      46)
           8    0.038852    0.097140  (       1      15      22      38      46)
           9    0.038855    0.096233  (       1      15      23      38      46)
          10    0.038860    0.093706  (       8      15      22      31      46)
          11    0.038864    0.097134  (       1      15      21      38      46)
          12    0.038878    0.093695  (       8      15      21      31      46)
          13    0.038890    0.092735  (       8      15      24      31      46)
          14    0.038912    0.092720  (       8      15      23      31      46)
          15    0.038939    0.093495  (       8      15      27      31      46)
          16    0.038956    0.093483  (       8      15      26      31      46)
          17    0.038957    0.096954  (       1      15      27      38      46)
          18    0.038969    0.096947  (       1      15      26      38      46)
          19    0.039211    0.093313  (       1      15      28      31      46)
          20    0.039242    0.092279  (       6      15      25      38      46)
          21    0.039265    0.093454  (       1      15      25      31      46)
          22    0.039369    0.084040  (       8      11      17      23      31)
          23    0.039373    0.092299  (       1      15      29      31      46)
          24    0.039413    0.088549  (       6      15      25      31      46)
          25    0.039419    0.084194  (       8      11      17      24      31)
          26    0.039432    0.085554  (       8      11      17      21      31)
          27    0.039468    0.090076  (       6      15      30      38      46)
          28    0.039475    0.086981  (       8      11      15      24      31)
          29    0.039478    0.085711  (       8      11      17      22      31)
          30    0.039480    0.086312  (       8      11      17      26      31)
          31    0.039485    0.086949  (       8      11      15      23      31)
          32    0.039496    0.096914  (       1      15      28      38      46)
          33    0.039499    0.097374  (       8      15      22      38      46)
          34    0.039509    0.096423  (       8      15      24      38      46)
          35    0.039514    0.097366  (       8      15      21      38      46)
          36    0.039521    0.091621  (       1      15      30      31      46)
          37    0.039523    0.097032  (       1      15      25      38      46)
          38    0.039523    0.086458  (       8      11      17      27      31)
          39    0.039525    0.090857  (       6      15      29      38      46)
          40    0.039528    0.096416  (       8      15      23      38      46)
          41    0.039551    0.095362  (       1      15      17      22      46)
          42    0.039568    0.095352  (       1      15      17      21      46)
          43    0.039578    0.087837  (       8      11      15      22      31)
          44    0.039587    0.087810  (       8      11      15      21      31)
          45    0.039601    0.085892  (       8      11      17      23      38)
          46    0.039613    0.095875  (       1      15      29      38      46)
          47    0.039616    0.097179  (       8      15      27      38      46)
          48    0.039630    0.097171  (       8      15      26      38      46)
          49    0.039640    0.086456  (       6      15      30      31      46)
          50    0.039657    0.085847  (       8      11      17      24      38)
          51    0.039682    0.093503  (       8      15      28      31      46)
          52    0.039691    0.087208  (       8      11      17      21      38)
          53    0.039716    0.087122  (       6      15      29      31      46)
          54    0.039718    0.087554  (       8      11      15      27      31)
          55    0.039727    0.087527  (       8      11      15      26      31)
          56    0.039734    0.095143  (       1      15      17      27      46)
          57    0.039737    0.093650  (       8      15      25      31      46)
          58    0.039742    0.087356  (       8      11      17      22      38)
          59    0.039754    0.095459  (       1      15      17      26      46)
          60    0.039764    0.096085  (       1      15      17      24      46)
          61    0.039773    0.087983  (       8      11      17      26      38)
          62    0.039775    0.095099  (       1      15      30      38      46)
          63    0.039805    0.096705  (       1      15      17      23      46)
          64    0.039820    0.088119  (       8      11      17      27      38)
          65    0.039850    0.091838  (       6      15      28      38      46)
          66    0.039868    0.092437  (       8      15      29      31      46)
          67    0.039928    0.091681  (       8      11      15      24      38)
          68    0.039931    0.091660  (       8      11      15      23      38)
          69    0.039943    0.095374  (       1      15      17      25      46)
          70    0.039962    0.088078  (       6      15      28      31      46)
          71    0.039981    0.091747  (       8      15      30      31      46)
          72    0.040018    0.095215  (       1      15      17      28      46)
          73    0.040040    0.088116  (       8      11      15      25      31)
          74    0.040053    0.094736  (       6      15      22      26      38)
          75    0.040058    0.087112  (       8      11      15      29      31)
          76    0.040066    0.092533  (       8      11      15      22      38)
          77    0.040071    0.092512  (       8      11      15      21      38)
          78    0.040082    0.087867  (       8      11      15      28      31)
          79    0.040090    0.091212  (       1      15      24      31      48)
          80    0.040102    0.091373  (       1      15      23      31      48)
          81    0.040115    0.096462  (       8      15      17      22      46)
          82    0.040129    0.091475  (       8      11      18      23      38)
          83    0.040136    0.096789  (       8      15      17      21      46)
          84    0.040152    0.089212  (       8      12      19      23      31)
          85    0.040165    0.089266  (       8      12      19      24      31)
          86    0.040166    0.091161  (       1      15      22      31      48)
          87    0.040172    0.094068  (       1      11      15      24      31)
          88    0.040173    0.091618  (       8      11      18      24      38)
          89    0.040175    0.091273  (       1      15      21      31      48)
          90    0.040184    0.094178  (       1      11      15      23      31)
          91    0.040189    0.088349  (       8      11      15      30      31)
          92    0.040206    0.097121  (       8      15      28      38      46)
          93    0.040227    0.093501  (       1      15      21      22      31)
          94    0.040228    0.090579  (       1      15      24      31      50)
          95    0.040229    0.097244  (       8      15      25      38      46)
          96    0.040236    0.094264  (       8      15      24      31      48)
          97    0.040236    0.094852  (       1      15      17      29      46)
          98    0.040241    0.093012  (       8      11      18      21      38)
          99    0.040241    0.090735  (       1      15      23      31      50)
         100    0.040248    0.094432  (       8      15      23      31      48)
