        Rank     LS_RMSE    LS_MaxAE  Feature_ID
           1    0.055371    0.151028  (       8      11      21)
           2    0.055405    0.151187  (       8      11      22)
           3    0.055503    0.150969  (       8      11      23)
           4    0.055523    0.151129  (       8      11      24)
           5    0.055531    0.150319  (       8      11      26)
           6    0.055543    0.152640  (       8      11      25)
           7    0.055560    0.150475  (       8      11      27)
           8    0.055623    0.151854  (       8      11      28)
           9    0.055692    0.152341  (       8      11      29)
          10    0.055704    0.131820  (       6      15      30)
          11    0.055730    0.153115  (       8      11      30)
          12    0.055964    0.132776  (       6      15      25)
          13    0.056125    0.157020  (       1      11      21)
          14    0.056161    0.157171  (       1      11      22)
          15    0.056239    0.156942  (       1      11      23)
          16    0.056262    0.157096  (       1      11      24)
          17    0.056269    0.156350  (       1      11      26)
          18    0.056296    0.158508  (       1      11      25)
          19    0.056299    0.156499  (       1      11      27)
          20    0.056359    0.132639  (       6      15      29)
          21    0.056365    0.157773  (       1      11      28)
          22    0.056371    0.146855  (       1      12      21)
          23    0.056407    0.147022  (       1      12      22)
          24    0.056424    0.158204  (       1      11      29)
          25    0.056457    0.142636  (       8      12      21)
          26    0.056487    0.158911  (       1      11      30)
          27    0.056491    0.142810  (       8      12      22)
          28    0.056516    0.146140  (       1      12      26)
          29    0.056546    0.146303  (       1      12      27)
          30    0.056558    0.146912  (       1      12      23)
          31    0.056580    0.147082  (       1      12      24)
          32    0.056619    0.141881  (       8      12      26)
          33    0.056647    0.142051  (       8      12      27)
          34    0.056664    0.142719  (       8      12      23)
          35    0.056683    0.142895  (       8      12      24)
          36    0.056815    0.148962  (       1      12      25)
          37    0.056833    0.133149  (       6      15      28)
          38    0.056866    0.148141  (       1      12      28)
          39    0.056918    0.144895  (       8      12      25)
          40    0.056981    0.144020  (       8      12      28)
          41    0.057008    0.148764  (       1      12      29)
          42    0.057088    0.149575  (       1      12      30)
          43    0.057133    0.144708  (       8      12      29)
          44    0.057184    0.145586  (       8      12      30)
          45    0.057467    0.160103  (       8      13      21)
          46    0.057500    0.160252  (       8      13      22)
          47    0.057575    0.160010  (       8      13      23)
          48    0.057595    0.160162  (       8      13      24)
          49    0.057610    0.159398  (       8      13      26)
          50    0.057639    0.159546  (       8      13      27)
          51    0.057642    0.161635  (       8      13      25)
          52    0.057715    0.184691  (       1      11      17)
          53    0.057715    0.160874  (       8      13      28)
          54    0.057760    0.161305  (       8      13      29)
          55    0.057831    0.162080  (       8      13      30)
          56    0.058129    0.135146  (       6      15      22)
          57    0.058140    0.189746  (       8      11      17)
          58    0.058212    0.135858  (       6      15      21)
          59    0.058328    0.140856  (       6      15      24)
          60    0.058341    0.184075  (       1      13      17)
          61    0.058441    0.141064  (       6      15      23)
          62    0.058466    0.188812  (       8      13      17)
          63    0.058505    0.167103  (       1      13      21)
          64    0.058540    0.167245  (       1      13      22)
          65    0.058597    0.166993  (       1      13      23)
          66    0.058619    0.167140  (       1      13      24)
          67    0.058633    0.166437  (       1      13      26)
          68    0.058663    0.166578  (       1      13      27)
          69    0.058670    0.136906  (       4      13      25)
          70    0.058675    0.168514  (       1      13      25)
          71    0.058739    0.167803  (       1      13      28)
          72    0.058775    0.168180  (       1      13      29)
          73    0.058800    0.134589  (       4      11      25)
          74    0.058819    0.137596  (       4      13      30)
          75    0.058846    0.140415  (       6      15      27)
          76    0.058862    0.168885  (       1      13      30)
          77    0.058922    0.135285  (       4      11      30)
          78    0.058927    0.140568  (       6      15      26)
          79    0.058976    0.136554  (       4      13      29)
          80    0.059097    0.135830  (       4      13      28)
          81    0.059128    0.134283  (       4      11      29)
          82    0.059249    0.134610  (       4      11      28)
          83    0.059259    0.208757  (       1      12      17)
          84    0.059347    0.168996  (       8      14      17)
          85    0.059365    0.167291  (      10      15      30)
          86    0.059405    0.143838  (       4      16      17)
          87    0.059545    0.134558  (       4      13      21)
          88    0.059568    0.141062  (       4      14      17)
          89    0.059571    0.134696  (       4      13      22)
          90    0.059588    0.158676  (       4      14      25)
          91    0.059640    0.157468  (       2      15      30)
          92    0.059643    0.166802  (       1      14      17)
          93    0.059691    0.159227  (       4      14      30)
          94    0.059722    0.136322  (       4      11      21)
          95    0.059750    0.136522  (       4      11      22)
          96    0.059764    0.185168  (       1      15      30)
          97    0.059783    0.134488  (       4      13      23)
          98    0.059798    0.134625  (       4      13      24)
          99    0.059830    0.158251  (       4      14      29)
         100    0.059882    0.170275  (      10      15      29)
