        Rank     LS_RMSE    LS_MaxAE  Feature_ID
           1    0.064102    0.177327  (       8      11)
           2    0.064108    0.171665  (       1      11)
           3    0.065193    0.175600  (       8      13)
           4    0.065550    0.170184  (       1      13)
           5    0.065692    0.202383  (       1      12)
           6    0.066505    0.147909  (       4      14)
           7    0.066509    0.209531  (       8      12)
           8    0.066797    0.143578  (       4      16)
           9    0.066951    0.150914  (       4      13)
          10    0.067698    0.175251  (       8      14)
          11    0.067806    0.153813  (       4      11)
          12    0.068524    0.182970  (       1      14)
          13    0.068993    0.153345  (       5      11)
          14    0.069134    0.182160  (       8      16)
          15    0.069149    0.145537  (       9      12)
          16    0.069639    0.165101  (       3      11)
          17    0.069819    0.194673  (       3      12)
          18    0.069952    0.183727  (       5      12)
          19    0.069989    0.190057  (       1      16)
          20    0.070197    0.178834  (      10      15)
          21    0.070762    0.159741  (       5      13)
          22    0.071139    0.164439  (       9      11)
          23    0.071139    0.194558  (       6      15)
          24    0.071277    0.184650  (       4      12)
          25    0.071545    0.180259  (       2      15)
          26    0.071850    0.201189  (       1      15)
          27    0.072061    0.181609  (       3      13)
          28    0.073156    0.180601  (       6      11)
          29    0.073991    0.182536  (       5      14)
          30    0.074020    0.205932  (       8      15)
          31    0.074074    0.206424  (       6      12)
          32    0.074114    0.183154  (       6      19)
          33    0.074196    0.181149  (       9      13)
          34    0.074202    0.218745  (       1      17)
          35    0.074239    0.224287  (       1      20)
          36    0.074363    0.199045  (       1      19)
          37    0.074508    0.191616  (       3      15)
          38    0.074512    0.216752  (       1      18)
          39    0.074710    0.190955  (       6      13)
          40    0.074827    0.181691  (       2      11)
          41    0.074851    0.214089  (      10      20)
          42    0.075001    0.173348  (       2      12)
          43    0.075395    0.189167  (      10      12)
          44    0.075543    0.190802  (       5      16)
          45    0.075894    0.192498  (      10      11)
          46    0.075996    0.196217  (      10      19)
          47    0.076020    0.201415  (       3      14)
          48    0.076222    0.230875  (       8      20)
          49    0.076389    0.204795  (       8      19)
          50    0.076453    0.182561  (       2      19)
          51    0.076610    0.223537  (       8      18)
          52    0.076647    0.201400  (       5      17)
          53    0.076703    0.217405  (       3      20)
          54    0.076772    0.198329  (       2      13)
          55    0.076799    0.225383  (       8      17)
          56    0.076803    0.199470  (       5      18)
          57    0.076806    0.211450  (       3      17)
          58    0.076828    0.198077  (       2      20)
          59    0.076835    0.191365  (       4      15)
          60    0.077031    0.209504  (       3      18)
          61    0.077303    0.191477  (       4      19)
          62    0.077328    0.221489  (       6      14)
          63    0.077549    0.222693  (       6      17)
          64    0.077664    0.201798  (       4      17)
          65    0.077692    0.199964  (       4      18)
          66    0.077755    0.208907  (       3      16)
          67    0.078134    0.220578  (       6      18)
          68    0.078295    0.212043  (       5      15)
          69    0.078415    0.208069  (      10      13)
          70    0.078426    0.227425  (       6      20)
          71    0.078558    0.196013  (       2      17)
          72    0.078559    0.208673  (       2      18)
          73    0.078583    0.186849  (       3      19)
          74    0.078708    0.229005  (       6      16)
          75    0.079043    0.173003  (       9      20)
          76    0.079754    0.216968  (       2      14)
          77    0.079822    0.221491  (       9      14)
          78    0.079867    0.208133  (      10      17)
          79    0.079988    0.226921  (      10      18)
          80    0.080153    0.168435  (       9      17)
          81    0.080239    0.206061  (       5      20)
          82    0.081173    0.224306  (       2      16)
          83    0.081297    0.206166  (       4      20)
          84    0.081523    0.230550  (       9      16)
          85    0.081567    0.210780  (       5      19)
          86    0.082138    0.240351  (      10      14)
          87    0.082362    0.192531  (       9      15)
          88    0.082965    0.229836  (       9      18)
          89    0.083721    0.249292  (      10      16)
          90    0.084498    0.302797  (       1       8)
          91    0.085825    0.243884  (       4       7)
          92    0.086407    0.229910  (       9      19)
          93    0.088158    0.197237  (       7      12)
          94    0.088681    0.267965  (       1       7)
          95    0.089432    0.208248  (       7      11)
          96    0.090041    0.263249  (       7       8)
          97    0.090099    0.270455  (       6       7)
          98    0.090173    0.219219  (       7      13)
          99    0.090405    0.183666  (       7      18)
         100    0.090468    0.197823  (       7      20)
