        Rank     LS_RMSE    LS_MaxAE  Feature_ID
           1    0.044211    0.098466  (       6      15      30      38)
           2    0.044263    0.094284  (       6      15      25      38)
           3    0.044446    0.103491  (       6      15      29      38)
           4    0.044592    0.098160  (       8      11      23      31)
           5    0.044648    0.100227  (       8      11      26      31)
           6    0.044669    0.098373  (       8      11      24      31)
           7    0.044674    0.099639  (       8      11      21      31)
           8    0.044682    0.093928  (       6      15      30      31)
           9    0.044713    0.100417  (       8      11      27      31)
          10    0.044727    0.089905  (       6      15      25      31)
          11    0.044741    0.099840  (       8      11      22      31)
          12    0.044938    0.098636  (       6      15      29      31)
          13    0.044975    0.100399  (       8      11      23      38)
          14    0.045012    0.102414  (       6      15      28      38)
          15    0.045061    0.100601  (       8      11      24      38)
          16    0.045088    0.101893  (       8      11      21      38)
          17    0.045092    0.102516  (       8      11      26      38)
          18    0.045162    0.102089  (       8      11      22      38)
          19    0.045164    0.102699  (       8      11      27      38)
          20    0.045402    0.097478  (       6      15      28      31)
          21    0.045617    0.098455  (       8      11      28      31)
          22    0.045770    0.096227  (       8      11      29      31)
          23    0.045772    0.098105  (       8      11      25      31)
          24    0.045859    0.117517  (       6      15      24      38)
          25    0.045894    0.100913  (       8      12      26      31)
          26    0.045903    0.117582  (       6      15      23      38)
          27    0.045918    0.098712  (       8      12      23      31)
          28    0.045932    0.100278  (       8      12      21      31)
          29    0.045947    0.111577  (       6      15      22      38)
          30    0.045959    0.105257  (       1      15      23      24)
          31    0.045960    0.101115  (       8      12      27      31)
          32    0.045965    0.100550  (       8      11      28      38)
          33    0.045994    0.111653  (       6      15      21      38)
          34    0.045997    0.098938  (       8      12      24      31)
          35    0.046000    0.100492  (       8      12      22      31)
          36    0.046034    0.099967  (       1      11      23      31)
          37    0.046078    0.098185  (       8      11      29      38)
          38    0.046089    0.111328  (       6      15      24      31)
          39    0.046091    0.100271  (       1      11      26      31)
          40    0.046103    0.100147  (       8      11      25      38)
          41    0.046109    0.099965  (       1      11      24      31)
          42    0.046120    0.100668  (       1      11      21      31)
          43    0.046129    0.096301  (       8      11      30      31)
          44    0.046136    0.105716  (       6      15      22      31)
          45    0.046139    0.111381  (       6      15      23      31)
          46    0.046150    0.102168  (       1      11      23      38)
          47    0.046155    0.100291  (       1      11      27      31)
          48    0.046186    0.105786  (       6      15      21      31)
          49    0.046186    0.100689  (       1      11      22      31)
          50    0.046236    0.102154  (       1      11      24      38)
          51    0.046263    0.102481  (       1      11      26      38)
          52    0.046268    0.102882  (       1      11      21      38)
          53    0.046278    0.096406  (       1      12      26      31)
          54    0.046297    0.094727  (       1      12      23      31)
          55    0.046322    0.095815  (       1      12      21      31)
          56    0.046322    0.100912  (       8      12      23      38)
          57    0.046334    0.102494  (       1      11      27      38)
          58    0.046342    0.102896  (       1      11      22      38)
          59    0.046343    0.096600  (       1      12      27      31)
          60    0.046358    0.103162  (       8      12      26      38)
          61    0.046365    0.102493  (       8      12      21      38)
          62    0.046375    0.094548  (       1      12      24      31)
          63    0.046390    0.096021  (       1      12      22      31)
          64    0.046408    0.098143  (       8      11      21      32)
          65    0.046411    0.101126  (       8      12      24      38)
          66    0.046427    0.098514  (       8      11      22      32)
          67    0.046430    0.103358  (       8      12      27      38)
          68    0.046440    0.102702  (       8      12      22      38)
          69    0.046442    0.096988  (       1      12      23      38)
          70    0.046462    0.106404  (       8      15      23      24)
          71    0.046471    0.098142  (       8      11      30      38)
          72    0.046475    0.107541  (       1      15      21      22)
          73    0.046478    0.099117  (       1      12      26      38)
          74    0.046496    0.098489  (       1      12      21      38)
          75    0.046513    0.108833  (       1      15      26      27)
          76    0.046531    0.097195  (       1      12      24      38)
          77    0.046540    0.099005  (       8      11      23      32)
          78    0.046541    0.099004  (       8      11      24      32)
          79    0.046546    0.097789  (       8      11      21      35)
          80    0.046551    0.099305  (       1      12      27      38)
          81    0.046565    0.098159  (       8      11      22      35)
          82    0.046573    0.098690  (       1      12      22      38)
          83    0.046603    0.098924  (       8      11      26      32)
          84    0.046615    0.098299  (       8      11      27      32)
          85    0.046624    0.117207  (       6      15      27      38)
          86    0.046645    0.099000  (       8      11      21      33)
          87    0.046652    0.102779  (       8      11      25      32)
          88    0.046664    0.099368  (       8      11      22      33)
          89    0.046666    0.117270  (       6      15      26      38)
          90    0.046670    0.098278  (       8      11      23      35)
          91    0.046672    0.098641  (       8      11      24      35)
          92    0.046672    0.098525  (       8      11      21      34)
          93    0.046691    0.098892  (       8      11      22      34)
          94    0.046742    0.110926  (       6      15      27      31)
          95    0.046744    0.098077  (       8      11      26      35)
          96    0.046745    0.101737  (       8      11      28      32)
          97    0.046754    0.101140  (       8      11      17      21)
          98    0.046755    0.109244  (       8      15      21      22)
          99    0.046757    0.097452  (       8      11      27      35)
         100    0.046762    0.100533  (       8      11      17      22)
