        Rank     LS_RMSE    LS_MaxAE  Feature_ID
           1    0.093744    0.333910  (       1)
           2    0.095202    0.334525  (       2)
           3    0.095639    0.334699  (       3)
           4    0.095749    0.308979  (       4)
           5    0.095920    0.314609  (       5)
           6    0.096395    0.352797  (       6)
           7    0.096417    0.201753  (       7)
           8    0.096441    0.339419  (       8)
           9    0.096531    0.344941  (       9)
          10    0.096556    0.353861  (      10)
