        Rank     LS_RMSE    LS_MaxAE  Feature_ID
           1    0.033682    0.092018  (       1      15      27      31      46      51)
           2    0.033693    0.092008  (       1      15      26      31      46      51)
           3    0.033767    0.092176  (       1      15      22      31      46      51)
           4    0.033779    0.092167  (       1      15      21      31      46      51)
           5    0.033804    0.092214  (       8      15      27      31      46      51)
           6    0.033819    0.092202  (       8      15      26      31      46      51)
           7    0.033874    0.091270  (       1      15      24      31      46      51)
           8    0.033888    0.091258  (       1      15      23      31      46      51)
           9    0.033895    0.092379  (       8      15      22      31      46      51)
          10    0.033910    0.092369  (       8      15      21      31      46      51)
          11    0.033945    0.096108  (       1      15      27      38      46      51)
          12    0.033952    0.096103  (       1      15      26      38      46      51)
          13    0.034001    0.096247  (       1      15      22      38      46      51)
          14    0.034009    0.096242  (       1      15      21      38      46      51)
          15    0.034023    0.091497  (       1      15      27      31      46      52)
          16    0.034033    0.091421  (       8      15      24      31      46      51)
          17    0.034034    0.091487  (       1      15      26      31      46      52)
          18    0.034049    0.091407  (       8      15      23      31      46      51)
          19    0.034063    0.091662  (       8      15      27      31      46      52)
          20    0.034077    0.091651  (       8      15      26      31      46      52)
          21    0.034083    0.095351  (       1      15      24      38      46      51)
          22    0.034090    0.095348  (       1      15      23      38      46      51)
          23    0.034097    0.091667  (       1      15      22      31      46      52)
          24    0.034108    0.091657  (       1      15      21      31      46      52)
          25    0.034144    0.091839  (       8      15      22      31      46      52)
          26    0.034159    0.091828  (       8      15      21      31      46      52)
          27    0.034209    0.090767  (       1      15      24      31      46      52)
          28    0.034222    0.090754  (       1      15      23      31      46      52)
          29    0.034258    0.095568  (       1      15      27      38      46      52)
          30    0.034265    0.095562  (       1      15      26      38      46      52)
          31    0.034289    0.090887  (       8      15      24      31      46      52)
          32    0.034303    0.095718  (       1      15      22      38      46      52)
          33    0.034305    0.090873  (       8      15      23      31      46      52)
          34    0.034311    0.095713  (       1      15      21      38      46      52)
          35    0.034391    0.094828  (       1      15      24      38      46      52)
          36    0.034399    0.094824  (       1      15      23      38      46      52)
          37    0.034416    0.096343  (       8      15      27      38      46      51)
          38    0.034427    0.096336  (       8      15      26      38      46      51)
          39    0.034470    0.096488  (       8      15      22      38      46      51)
          40    0.034482    0.096482  (       8      15      21      38      46      51)
          41    0.034584    0.095541  (       8      15      24      38      46      51)
          42    0.034596    0.095536  (       8      15      23      38      46      51)
          43    0.034642    0.095780  (       8      15      27      38      46      52)
          44    0.034653    0.095773  (       8      15      26      38      46      52)
          45    0.034688    0.095937  (       8      15      22      38      46      52)
          46    0.034699    0.095930  (       8      15      21      38      46      52)
          47    0.034714    0.087770  (       1      15      30      31      46      55)
          48    0.034725    0.088596  (       1      15      24      31      46      55)
          49    0.034735    0.088582  (       1      15      23      31      46      55)
          50    0.034760    0.089186  (       1      15      25      31      46      55)
          51    0.034767    0.091342  (       1      15      30      38      46      55)
          52    0.034771    0.088291  (       1      15      29      31      46      55)
          53    0.034773    0.089298  (       1      15      22      31      46      55)
          54    0.034780    0.089288  (       1      15      21      31      46      55)
          55    0.034809    0.094995  (       8      15      24      38      46      52)
          56    0.034821    0.094990  (       8      15      23      38      46      52)
          57    0.034822    0.091949  (       1      15      29      38      46      55)
          58    0.034837    0.092852  (       1      15      25      38      46      55)
          59    0.034854    0.089066  (       1      15      28      31      46      55)
          60    0.034918    0.089120  (       1      15      27      31      46      55)
          61    0.034923    0.091842  (       1      15      24      38      46      53)
          62    0.034925    0.092694  (       1      15      22      38      46      53)
          63    0.034926    0.089108  (       1      15      26      31      46      55)
          64    0.034930    0.089208  (       1      15      24      31      46      57)
          65    0.034931    0.092299  (       1      15      24      38      46      55)
          66    0.034931    0.091835  (       1      15      23      38      46      53)
          67    0.034932    0.092686  (       1      15      21      38      46      53)
          68    0.034933    0.088416  (       1      15      30      31      46      57)
          69    0.034937    0.092292  (       1      15      23      38      46      55)
          70    0.034942    0.089194  (       1      15      23      31      46      57)
          71    0.034956    0.092500  (       1      15      27      38      46      53)
          72    0.034958    0.092741  (       1      15      17      22      31      46)
          73    0.034963    0.092492  (       1      15      26      38      46      53)
          74    0.034964    0.087811  (       8      15      30      31      46      55)
          75    0.034965    0.092744  (       1      15      28      38      46      55)
          76    0.034971    0.092732  (       1      15      17      21      31      46)
          77    0.034972    0.089840  (       1      15      25      31      46      57)
          78    0.034978    0.089918  (       1      15      22      31      46      57)
          79    0.034982    0.088677  (       8      15      24      31      46      55)
          80    0.034983    0.088938  (       1      15      29      31      46      57)
          81    0.034986    0.089907  (       1      15      21      31      46      57)
          82    0.034995    0.088661  (       8      15      23      31      46      55)
          83    0.034999    0.091795  (       1      15      17      24      31      46)
          84    0.035003    0.091886  (       1      15      28      31      46      51)
          85    0.035006    0.092988  (       1      15      22      38      46      55)
          86    0.035011    0.092981  (       1      15      21      38      46      55)
          87    0.035017    0.089426  (       8      15      22      31      46      55)
          88    0.035019    0.091781  (       1      15      17      23      31      46)
          89    0.035027    0.089414  (       8      15      21      31      46      55)
          90    0.035036    0.089285  (       8      15      25      31      46      55)
          91    0.035040    0.091959  (       1      15      30      38      46      57)
          92    0.035044    0.092534  (       1      15      17      27      31      46)
          93    0.035057    0.092524  (       1      15      17      26      31      46)
          94    0.035063    0.088337  (       8      15      29      31      46      55)
          95    0.035064    0.089714  (       1      15      28      31      46      57)
          96    0.035087    0.092568  (       1      15      29      38      46      57)
          97    0.035101    0.093478  (       1      15      25      38      46      57)
          98    0.035124    0.089737  (       1      15      27      31      46      57)
          99    0.035132    0.089726  (       1      15      26      31      46      57)
         100    0.035136    0.089160  (       8      15      28      31      46      55)
