    0.22183E+00
    0.17243E+00
    0.22643E+00
    0.23483E+00
    0.19933E+00
    0.23963E+00
    0.27192E+00
   -0.70744E+00
    0.81600E-02
    0.25506E+00
    0.17276E+00
    0.28466E+00
   -0.18630E-01
    0.19590E-01
    0.64690E-01
    0.91670E-01
    0.20850E-01
   -0.47508E+00
   -0.69280E-01
   -0.13864E+00
   -0.62540E-01
   -0.26720E-01
    0.90740E-01
    0.17140E-01
    0.10824E+00
    0.18970E-01
    0.15087E+00
    0.47750E-01
   -0.37650E-01
    0.10455E+00
   -0.44440E-01
   -0.19354E+00
   -0.83040E-01
   -0.71750E-01
   -0.32118E+00
   -0.15635E+00
   -0.11745E+00
   -0.42168E+00
   -0.15228E+00
   -0.29620E-01
    0.23015E+00
   -0.12500E+00
