    0.21424E+00
    0.16484E+00
    0.21884E+00
    0.22724E+00
    0.19174E+00
    0.23204E+00
    0.26124E+00
   -0.71385E+00
    0.17500E-02
    0.24865E+00
    0.16635E+00
    0.27825E+00
   -0.15520E-01
    0.28010E-01
    0.73110E-01
    0.11388E+00
    0.42300E-02
   -0.47351E+00
   -0.67710E-01
   -0.14846E+00
   -0.72360E-01
   -0.17600E-01
    0.96540E-01
    0.22940E-01
    0.11404E+00
    0.21810E-01
    0.15371E+00
    0.58240E-01
   -0.27160E-01
    0.11504E+00
   -0.34120E-01
   -0.20336E+00
   -0.92860E-01
   -0.63960E-01
   -0.33148E+00
   -0.14586E+00
   -0.10696E+00
   -0.42011E+00
   -0.15071E+00
   -0.42040E-01
    0.24064E+00
   -0.11979E+00
