        Rank     LS_RMSE    LS_MaxAE  Feature_ID
           1    0.050796    0.139703  (       5      13      16      33)
           2    0.051445    0.140397  (       5      12      16      33)
           3    0.051447    0.133923  (       2      13      16      33)
           4    0.051508    0.137184  (       2      12      16      33)
           5    0.051567    0.110170  (       7      11      16      32)
           6    0.051775    0.128097  (       7      12      16      32)
           7    0.052055    0.148642  (       5      13      15      33)
           8    0.052148    0.114633  (       7      11      15      32)
           9    0.052157    0.124854  (       7      12      15      32)
          10    0.052639    0.142884  (       2      13      15      33)
          11    0.052646    0.163874  (       5      13      19      33)
          12    0.052682    0.149300  (       5      12      15      33)
          13    0.052687    0.163900  (       5      13      20      33)
          14    0.052697    0.145063  (       2      12      15      33)
          15    0.052748    0.111624  (       4      11      16      29)
          16    0.052792    0.135679  (       7      12      16      33)
          17    0.052808    0.109614  (       4      11      15      29)
          18    0.052888    0.145754  (       7      11      16      35)
          19    0.052923    0.146018  (       7      11      16      36)
          20    0.052968    0.139218  (       7      12      16      31)
          21    0.053020    0.151956  (       7      11      16      33)
          22    0.053026    0.146752  (       7      11      16      37)
          23    0.053053    0.146892  (       7      11      16      40)
          24    0.053189    0.131947  (       7      12      16      34)
          25    0.053217    0.134209  (       6      15      17      33)
          26    0.053222    0.140369  (       7      11      19      32)
          27    0.053223    0.148899  (       7      11      16      34)
          28    0.053232    0.163768  (       2      13      19      33)
          29    0.053241    0.127761  (       7      12      16      35)
          30    0.053247    0.140359  (       7      11      20      32)
          31    0.053269    0.128032  (       7      12      16      36)
          32    0.053276    0.163792  (       2      13      20      33)
          33    0.053283    0.132551  (       7      12      16      38)
          34    0.053300    0.128890  (       7      12      16      37)
          35    0.053304    0.131106  (       7      12      16      39)
          36    0.053305    0.148147  (       7      11      16      39)
          37    0.053319    0.129059  (       7      12      16      40)
          38    0.053390    0.149304  (       7      11      16      38)
          39    0.053407    0.145487  (       7      12      18      32)
          40    0.053411    0.169575  (       5      12      19      33)
          41    0.053437    0.169426  (       2      12      19      33)
          42    0.053441    0.169613  (       5      12      20      33)
          43    0.053470    0.169462  (       2      12      20      33)
          44    0.053480    0.133255  (       7      11      18      32)
          45    0.053505    0.152985  (       7      12      19      32)
          46    0.053521    0.152996  (       7      12      20      32)
          47    0.053684    0.157455  (       5      13      18      33)
          48    0.053883    0.133179  (       7      13      16      32)
          49    0.053917    0.145381  (       7      12      15      33)
          50    0.053928    0.127790  (       4      11      19      29)
          51    0.053942    0.153961  (       7      11      15      35)
          52    0.053960    0.148501  (       7      12      15      31)
          53    0.053962    0.127789  (       4      11      20      29)
          54    0.053984    0.154236  (       7      11      15      36)
          55    0.053994    0.123600  (       4      11      18      29)
          56    0.054072    0.154923  (       7      11      15      37)
          57    0.054077    0.152938  (       7      11      16      31)
          58    0.054094    0.137206  (       7      12      15      35)
          59    0.054108    0.155081  (       7      11      15      40)
          60    0.054121    0.126598  (      10      11      16      29)
          61    0.054129    0.137488  (       7      12      15      36)
          62    0.054149    0.138296  (       7      12      15      37)
          63    0.054150    0.141481  (       7      12      15      34)
          64    0.054167    0.125010  (      10      11      15      29)
          65    0.054177    0.138484  (       7      12      15      40)
          66    0.054181    0.163354  (       5      12      18      33)
          67    0.054219    0.144159  (       7      12      19      33)
          68    0.054223    0.129533  (       7      13      15      32)
          69    0.054236    0.140609  (       7      12      15      39)
          70    0.054238    0.163116  (       2      12      18      33)
          71    0.054238    0.142055  (       7      12      15      38)
          72    0.054267    0.144185  (       7      12      20      33)
          73    0.054301    0.157220  (       2      13      18      33)
          74    0.054309    0.147070  (       6      16      17      33)
          75    0.054328    0.160449  (       7      11      15      33)
          76    0.054370    0.157211  (       7      11      15      34)
          77    0.054385    0.151101  (       7      11      19      33)
          78    0.054394    0.145120  (       7      11      19      35)
          79    0.054423    0.156425  (       7      11      15      39)
          80    0.054430    0.145383  (       7      11      19      36)
          81    0.054442    0.151447  (       7      11      20      33)
          82    0.054446    0.145455  (       7      11      20      35)
          83    0.054482    0.145718  (       7      11      20      36)
          84    0.054520    0.151257  (       7      12      19      31)
          85    0.054527    0.157591  (       7      11      15      38)
          86    0.054536    0.146156  (       7      11      19      37)
          87    0.054545    0.143944  (       2      11      16      33)
          88    0.054559    0.103765  (       7      11      16      24)
          89    0.054560    0.151272  (       7      12      20      31)
          90    0.054562    0.142156  (       5      13      16      34)
          91    0.054566    0.146291  (       7      11      19      40)
          92    0.054587    0.146489  (       7      11      20      37)
          93    0.054617    0.146624  (       7      11      20      40)
          94    0.054648    0.129761  (       9      15      17      33)
          95    0.054685    0.148207  (       7      11      19      34)
          96    0.054709    0.150274  (       7      12      19      34)
          97    0.054737    0.148545  (       7      11      20      34)
          98    0.054740    0.119974  (       3      12      16      27)
          99    0.054753    0.150292  (       7      12      20      34)
         100    0.054780    0.147482  (       7      11      19      39)
