        Rank     LS_RMSE    LS_MaxAE  Feature_ID
           1    0.076903    0.202097  (       4      13)
           2    0.077041    0.258676  (       5      13)
           3    0.077832    0.264286  (       2      13)
           4    0.078026    0.210132  (       4      12)
           5    0.078338    0.258774  (       5      12)
           6    0.078344    0.206359  (      10      13)
           7    0.078479    0.262426  (       2      12)
           8    0.078702    0.238235  (       3      11)
           9    0.078883    0.240531  (       1      11)
          10    0.079126    0.280294  (       7      11)
          11    0.079401    0.214244  (      10      12)
          12    0.079447    0.243041  (       7      14)
          13    0.079474    0.260585  (       3      12)
          14    0.080118    0.221795  (       8      13)
          15    0.080380    0.306534  (       7      12)
          16    0.080613    0.265705  (       1      12)
          17    0.080832    0.250532  (       2      11)
          18    0.080982    0.229061  (       8      12)
          19    0.081153    0.192415  (       4      11)
          20    0.081994    0.250758  (       5      11)
          21    0.082464    0.274407  (       3      13)
          22    0.082489    0.196186  (      10      11)
          23    0.083461    0.321655  (       7      13)
          24    0.083689    0.210706  (       8      11)
          25    0.083841    0.262783  (       7      17)
          26    0.084035    0.281309  (       1      13)
          27    0.084152    0.340854  (       7      15)
          28    0.084444    0.258186  (       1      14)
          29    0.085083    0.321937  (       7      19)
          30    0.085113    0.259594  (       3      14)
          31    0.085183    0.322332  (       7      20)
          32    0.085233    0.340232  (       7      16)
          33    0.085365    0.258378  (       2      14)
          34    0.086001    0.338264  (       7      18)
          35    0.086113    0.250394  (       2      17)
          36    0.086759    0.258920  (       5      14)
          37    0.086995    0.321644  (       1      15)
          38    0.087345    0.224328  (       6      17)
          39    0.087363    0.316585  (       2      15)
          40    0.087460    0.249744  (       5      17)
          41    0.088096    0.321276  (       1      16)
          42    0.088118    0.326246  (       3      15)
          43    0.088229    0.225509  (       9      17)
          44    0.088256    0.316273  (       2      16)
          45    0.088300    0.270146  (       1      17)
          46    0.088395    0.304757  (       1      19)
          47    0.088483    0.305109  (       1      20)
          48    0.088624    0.299603  (       2      19)
          49    0.088705    0.299957  (       2      20)
          50    0.088897    0.319209  (       1      18)
          51    0.089194    0.273920  (       3      17)
          52    0.089203    0.321653  (       5      15)
          53    0.089237    0.314147  (       2      18)
          54    0.089266    0.325842  (       3      16)
          55    0.089302    0.321488  (       6      15)
          56    0.089517    0.269669  (       6      14)
          57    0.089531    0.309136  (       3      19)
          58    0.089602    0.322204  (       9      15)
          59    0.089621    0.309494  (       3      20)
          60    0.089738    0.321106  (       6      16)
          61    0.089797    0.268255  (       9      14)
          62    0.090009    0.321815  (       9      16)
          63    0.090020    0.323796  (       3      18)
          64    0.090084    0.321306  (       5      16)
          65    0.090347    0.304212  (       6      19)
          66    0.090409    0.304417  (       5      19)
          67    0.090422    0.304571  (       6      20)
          68    0.090490    0.304777  (       5      20)
          69    0.090596    0.304809  (       9      19)
          70    0.090670    0.305170  (       9      20)
          71    0.090768    0.287534  (       6      11)
          72    0.091050    0.319200  (       5      18)
          73    0.091159    0.319036  (       6      18)
          74    0.091433    0.319744  (       9      18)
          75    0.091873    0.292703  (       9      11)
          76    0.093433    0.316743  (       6      12)
          77    0.094991    0.266459  (       4      14)
          78    0.095131    0.324537  (       9      12)
          79    0.096384    0.268716  (      10      14)
          80    0.096896    0.335284  (       6      13)
          81    0.097681    0.295978  (       4      15)
          82    0.098736    0.275341  (       8      14)
          83    0.098767    0.294831  (      10      15)
          84    0.098879    0.344753  (       9      13)
          85    0.098906    0.295940  (       4      16)
          86    0.099351    0.281628  (       4      19)
          87    0.099433    0.281926  (       4      20)
          88    0.099551    0.293648  (       4      18)
          89    0.099986    0.294827  (      10      16)
          90    0.100461    0.280516  (      10      19)
          91    0.100486    0.316011  (       4      17)
          92    0.100542    0.280815  (      10      20)
          93    0.100581    0.292523  (       8      15)
          94    0.100637    0.292504  (      10      18)
          95    0.101772    0.292498  (       8      16)
          96    0.101871    0.315236  (      10      17)
          97    0.102331    0.278848  (       8      19)
          98    0.102397    0.290185  (       8      18)
          99    0.102408    0.279128  (       8      20)
         100    0.103402    0.324988  (       8      17)
