        Rank     LS_RMSE    LS_MaxAE  Feature_ID
           1    0.035357    0.079888  (       5      13      19      33      43      51)
           2    0.035379    0.079867  (       5      13      20      33      43      51)
           3    0.035496    0.080502  (       5      13      19      33      43      53)
           4    0.035517    0.080482  (       5      13      20      33      43      53)
           5    0.035573    0.080243  (       5      13      19      33      43      58)
           6    0.035593    0.080222  (       5      13      20      33      43      58)
           7    0.035599    0.081704  (       5      13      19      33      43      54)
           8    0.035620    0.081685  (       5      13      20      33      43      54)
           9    0.035647    0.082090  (       5      13      19      33      43      55)
          10    0.035667    0.082073  (       5      13      20      33      43      55)
          11    0.035713    0.082500  (       5      13      19      33      43      56)
          12    0.035717    0.081419  (       5      13      19      33      43      59)
          13    0.035731    0.082483  (       5      13      20      33      43      56)
          14    0.035737    0.081400  (       5      13      20      33      43      59)
          15    0.035745    0.078251  (       5      13      19      33      43      52)
          16    0.035752    0.078228  (       5      13      20      33      43      52)
          17    0.035823    0.077212  (       5      13      19      33      43      57)
          18    0.035836    0.077187  (       5      13      20      33      43      57)
          19    0.035877    0.083877  (       5      13      16      18      33      43)
          20    0.035903    0.078919  (       5      13      16      33      43      51)
          21    0.035930    0.083701  (       5      13      19      33      43      60)
          22    0.035944    0.083688  (       5      13      20      33      43      60)
          23    0.035964    0.079415  (       5      13      16      33      43      53)
          24    0.036013    0.079339  (       5      13      19      33      47      51)
          25    0.036039    0.079317  (       5      13      20      33      47      51)
          26    0.036043    0.080384  (       5      13      16      33      43      54)
          27    0.036067    0.080694  (       5      13      16      33      43      55)
          28    0.036100    0.079189  (       5      13      16      33      43      58)
          29    0.036102    0.081022  (       5      13      16      33      43      56)
          30    0.036136    0.080139  (       5      13      16      33      43      59)
          31    0.036169    0.079951  (       5      13      19      33      47      53)
          32    0.036172    0.079874  (       5      13      19      33      50      51)
          33    0.036181    0.084190  (       5      13      16      18      33      50)
          34    0.036188    0.077639  (       5      13      16      33      43      52)
          35    0.036189    0.082001  (       5      13      16      33      43      60)
          36    0.036191    0.083603  (       5      13      16      18      33      47)
          37    0.036193    0.079930  (       5      13      20      33      47      53)
          38    0.036196    0.079852  (       5      13      20      33      50      51)
          39    0.036215    0.079699  (       5      13      19      33      47      58)
          40    0.036236    0.081173  (       5      13      19      33      47      54)
          41    0.036238    0.079677  (       5      13      20      33      47      58)
          42    0.036260    0.081153  (       5      13      20      33      47      54)
          43    0.036292    0.081558  (       5      13      19      33      47      55)
          44    0.036298    0.076811  (       5      13      16      33      43      57)
          45    0.036315    0.081539  (       5      13      20      33      47      55)
          46    0.036354    0.080465  (       5      13      19      33      50      53)
          47    0.036364    0.080236  (       5      13      19      33      50      58)
          48    0.036368    0.081965  (       5      13      19      33      47      56)
          49    0.036371    0.080878  (       5      13      19      33      47      59)
          50    0.036376    0.077692  (       5      13      19      33      47      52)
          51    0.036376    0.080444  (       5      13      20      33      50      53)
          52    0.036386    0.080214  (       5      13      20      33      50      58)
          53    0.036386    0.077667  (       5      13      20      33      47      52)
          54    0.036389    0.081947  (       5      13      20      33      47      56)
          55    0.036394    0.080857  (       5      13      20      33      47      59)
          56    0.036413    0.081678  (       5      13      19      33      50      54)
          57    0.036436    0.081659  (       5      13      20      33      50      54)
          58    0.036453    0.076646  (       5      13      19      33      47      57)
          59    0.036460    0.078282  (       5      13      19      33      50      52)
          60    0.036469    0.076619  (       5      13      20      33      47      57)
          61    0.036470    0.078258  (       5      13      20      33      50      52)
          62    0.036489    0.082050  (       5      13      19      33      50      55)
          63    0.036511    0.082032  (       5      13      20      33      50      55)
          64    0.036518    0.077733  (       5      13      15      33      43      51)
          65    0.036535    0.077241  (       5      13      19      33      50      57)
          66    0.036549    0.077216  (       5      13      20      33      50      57)
          67    0.036568    0.083181  (       5      13      19      33      47      60)
          68    0.036585    0.083166  (       5      13      20      33      47      60)
          69    0.036587    0.082441  (       5      13      19      33      50      56)
          70    0.036591    0.081369  (       5      13      19      33      50      59)
          71    0.036598    0.078245  (       5      13      15      33      43      53)
          72    0.036607    0.078339  (       5      13      16      33      47      51)
          73    0.036608    0.082424  (       5      13      20      33      50      56)
          74    0.036613    0.081349  (       5      13      20      33      50      59)
          75    0.036619    0.091596  (       5      12      19      33      43      51)
          76    0.036622    0.091583  (       5      12      20      33      43      51)
          77    0.036633    0.079261  (       5      13      15      33      43      54)
          78    0.036671    0.079578  (       5      13      15      33      43      55)
          79    0.036674    0.077516  (       5      13      18      33      43      51)
          80    0.036682    0.078833  (       5      13      16      33      47      53)
          81    0.036685    0.081191  (       2      13      19      33      43      51)
          82    0.036686    0.094732  (      10      13      16      21      33      43)
          83    0.036712    0.081169  (       2      13      20      33      43      51)
          84    0.036714    0.077999  (       5      13      15      33      43      58)
          85    0.036715    0.080516  (       5      13      16      18      33      49)
          86    0.036724    0.079913  (       5      13      15      33      43      56)
          87    0.036726    0.088826  (       5      12      20      33      43      57)
          88    0.036732    0.088839  (       5      12      19      33      43      57)
          89    0.036732    0.079817  (       5      13      16      33      47      54)
          90    0.036733    0.078897  (       5      13      16      33      50      51)
          91    0.036762    0.080126  (       5      13      16      33      47      55)
          92    0.036762    0.076448  (       5      13      15      33      43      52)
          93    0.036766    0.076008  (       5      13      18      33      43      52)
          94    0.036771    0.078987  (       5      13      15      33      43      59)
          95    0.036774    0.090970  (       5      12      19      33      43      58)
          96    0.036775    0.090956  (       5      12      20      33      43      58)
          97    0.036775    0.078118  (       5      13      18      33      43      53)
          98    0.036794    0.078612  (       5      13      16      33      47      58)
          99    0.036798    0.081806  (       2      13      19      33      43      53)
         100    0.036805    0.080451  (       5      13      16      33      47      56)
