        Rank     LS_RMSE    LS_MaxAE  Feature_ID
           1    0.041229    0.111492  (       5      13      16      33      43)
           2    0.041528    0.107844  (       5      13      16      33      41)
           3    0.041768    0.118120  (       5      12      16      33      43)
           4    0.041773    0.089920  (       5      13      16      33      44)
           5    0.041778    0.090355  (       5      13      16      33      45)
           6    0.041843    0.107751  (       5      13      16      33      42)
           7    0.041878    0.111813  (       5      13      15      33      41)
           8    0.041882    0.112367  (       5      13      16      33      50)
           9    0.041890    0.112026  (       5      13      16      33      47)
          10    0.042124    0.116224  (       5      13      15      33      43)
          11    0.042187    0.117817  (       2      12      16      33      43)
          12    0.042366    0.118870  (       5      12      16      33      50)
          13    0.042373    0.109252  (       5      13      16      33      48)
          14    0.042396    0.111204  (       5      13      15      33      42)
          15    0.042426    0.118510  (       5      12      16      33      47)
          16    0.042441    0.107289  (       5      13      16      33      46)
          17    0.042470    0.111114  (       2      13      16      33      43)
          18    0.042493    0.094844  (       5      12      16      33      44)
          19    0.042513    0.093880  (       5      13      15      33      44)
          20    0.042528    0.094339  (       5      13      15      33      45)
          21    0.042640    0.122764  (       5      12      15      33      43)
          22    0.042737    0.129537  (       5      12      16      33      41)
          23    0.042738    0.095735  (       5      12      16      33      45)
          24    0.042779    0.118572  (       2      12      16      33      50)
          25    0.042796    0.118195  (       2      12      16      33      47)
          26    0.042896    0.117279  (       5      13      15      33      50)
          27    0.042897    0.116944  (       5      13      15      33      47)
          28    0.042959    0.098503  (       5      13      16      33      49)
          29    0.042995    0.097246  (       7      11      16      33      43)
          30    0.043002    0.122513  (       2      12      15      33      43)
          31    0.043055    0.111626  (       2      13      16      33      47)
          32    0.043067    0.132767  (       5      12      15      33      41)
          33    0.043088    0.111986  (       2      13      16      33      50)
          34    0.043111    0.110606  (       5      13      15      33      46)
          35    0.043132    0.087431  (       2      11      16      33      44)
          36    0.043154    0.112615  (       5      13      15      33      48)
          37    0.043203    0.090788  (       2      13      16      33      45)
          38    0.043205    0.098629  (       5      12      15      33      44)
          39    0.043279    0.142440  (       5      13      19      33      43)
          40    0.043284    0.115934  (       2      13      15      33      43)
          41    0.043291    0.090539  (       2      13      16      33      44)
          42    0.043314    0.142454  (       5      13      20      33      43)
          43    0.043358    0.123692  (       5      12      15      33      50)
          44    0.043371    0.086596  (       5      11      16      33      44)
          45    0.043378    0.095803  (       2      12      16      33      44)
          46    0.043390    0.114732  (       2      13      16      33      41)
          47    0.043411    0.123337  (       5      12      15      33      47)
          48    0.043442    0.122503  (       5      13      19      33      44)
          49    0.043457    0.099533  (       5      12      15      33      45)
          50    0.043470    0.122851  (       5      13      19      33      45)
          51    0.043485    0.122518  (       5      13      20      33      44)
          52    0.043503    0.096483  (       2      12      16      33      45)
          53    0.043512    0.122864  (       5      13      20      33      45)
          54    0.043517    0.130148  (       5      12      16      33      42)
          55    0.043575    0.129136  (       5      13      19      33      41)
          56    0.043577    0.103879  (       5      12      16      33      49)
          57    0.043592    0.114847  (       2      13      16      33      42)
          58    0.043599    0.103284  (       2      12      16      33      49)
          59    0.043601    0.088635  (       2      11      16      33      45)
          60    0.043614    0.129148  (       5      13      20      33      41)
          61    0.043665    0.097735  (       2      13      16      33      49)
          62    0.043674    0.129580  (       5      13      19      33      42)
          63    0.043702    0.120482  (       5      13      18      33      41)
          64    0.043709    0.118794  (       2      13      15      33      41)
          65    0.043710    0.129586  (       5      13      20      33      42)
          66    0.043714    0.123447  (       2      12      15      33      50)
          67    0.043723    0.123072  (       2      12      15      33      47)
          68    0.043879    0.143505  (       5      13      19      33      50)
          69    0.043880    0.094836  (       2      13      15      33      45)
          70    0.043882    0.134658  (       2      12      16      33      41)
          71    0.043901    0.143340  (       5      13      19      33      47)
          72    0.043910    0.098790  (       7      11      16      33      47)
          73    0.043915    0.143520  (       5      13      20      33      50)
          74    0.043939    0.143356  (       5      13      20      33      47)
          75    0.043939    0.121617  (       5      13      18      33      42)
          76    0.043941    0.086695  (       2      11      15      33      44)
          77    0.043962    0.094562  (       2      13      15      33      44)
          78    0.043979    0.116631  (       2      13      15      33      47)
          79    0.043980    0.129680  (       5      12      16      33      46)
          80    0.043991    0.148946  (       5      12      19      33      43)
          81    0.043998    0.086386  (       5      11      16      33      45)
          82    0.044011    0.148971  (       5      12      20      33      43)
          83    0.044014    0.098427  (       7      11      15      33      43)
          84    0.044020    0.116986  (       2      13      15      33      50)
          85    0.044032    0.131278  (       5      12      16      33      48)
          86    0.044049    0.099628  (       2      12      15      33      44)
          87    0.044052    0.133055  (       5      12      15      33      42)
          88    0.044059    0.135759  (       5      13      18      33      43)
          89    0.044070    0.116281  (       2      13      16      33      48)
          90    0.044081    0.114383  (       5      13      18      33      44)
          91    0.044085    0.114735  (       5      13      18      33      45)
          92    0.044097    0.118414  (       2      13      15      33      42)
          93    0.044109    0.093512  (       7      11      16      33      50)
          94    0.044128    0.126721  (       5      12      16      24      33)
          95    0.044141    0.114292  (       2      13      16      33      46)
          96    0.044176    0.085853  (       5      11      15      33      44)
          97    0.044178    0.100321  (       2      12      15      33      45)
          98    0.044209    0.137945  (       2      12      15      33      41)
          99    0.044233    0.104304  (       5      13      16      18      33)
         100    0.044254    0.131451  (       5      13      19      33      46)
