        Rank     LS_RMSE    LS_MaxAE  Feature_ID
           1    0.116201    0.484294  (       1)
           2    0.117057    0.491654  (       2)
           3    0.117576    0.489415  (       3)
           4    0.118766    0.415787  (       4)
           5    0.119031    0.497744  (       5)
           6    0.119087    0.501523  (       6)
           7    0.119240    0.536048  (       7)
           8    0.119460    0.393965  (       8)
           9    0.119640    0.505074  (       9)
          10    0.119737    0.416614  (      10)
