        Rank     LS_RMSE    LS_MaxAE  Feature_ID
           1    0.061246    0.158287  (       7      12      16)
           2    0.061879    0.159717  (       7      12      15)
           3    0.062390    0.186849  (       4      11      29)
           4    0.062588    0.196257  (       7      11      16)
           5    0.062811    0.162487  (       7      12      19)
           6    0.062839    0.162499  (       7      12      20)
           7    0.062954    0.169574  (       8      11      29)
           8    0.063072    0.158918  (       7      12      18)
           9    0.063211    0.156590  (       5      13      16)
          10    0.063324    0.196762  (       7      11      15)
          11    0.063448    0.158606  (       7      13      16)
          12    0.063547    0.155797  (       2      13      16)
          13    0.063588    0.187216  (      10      11      29)
          14    0.063904    0.161260  (       5      13      15)
          15    0.064033    0.160206  (       7      13      15)
          16    0.064048    0.197069  (       7      11      19)
          17    0.064083    0.197012  (       7      11      20)
          18    0.064194    0.160553  (       2      13      15)
          19    0.064411    0.162699  (       2      12      16)
          20    0.064588    0.196680  (       7      11      18)
          21    0.064638    0.163388  (       5      12      16)
          22    0.064756    0.160223  (       7      13      19)
          23    0.064796    0.160108  (       7      13      20)
          24    0.064965    0.185159  (       5      13      19)
          25    0.064983    0.185172  (       5      13      20)
          26    0.065023    0.167317  (       2      12      15)
          27    0.065148    0.179060  (       5      13      18)
          28    0.065270    0.184961  (       2      13      19)
          29    0.065284    0.167960  (       5      12      15)
          30    0.065291    0.184972  (       2      13      20)
          31    0.065340    0.159424  (       7      13      18)
          32    0.065475    0.178712  (       2      13      18)
          33    0.065750    0.168781  (       8      13      21)
          34    0.065785    0.171061  (       4      11      24)
          35    0.065868    0.162032  (       3      12      16)
          36    0.065900    0.187421  (      10      13      21)
          37    0.065944    0.167944  (       8      13      22)
          38    0.065976    0.179363  (       8      13      27)
          39    0.065984    0.186774  (      10      13      22)
          40    0.066144    0.180352  (       8      13      25)
          41    0.066207    0.185679  (       2      12      18)
          42    0.066208    0.166656  (       3      12      15)
          43    0.066222    0.191746  (       2      12      19)
          44    0.066235    0.191770  (       2      12      20)
          45    0.066319    0.201091  (       4      12      29)
          46    0.066364    0.176824  (       8      13      23)
          47    0.066397    0.194991  (      10      13      23)
          48    0.066429    0.186091  (       5      12      18)
          49    0.066464    0.192051  (       5      12      19)
          50    0.066475    0.192076  (       5      12      20)
          51    0.066601    0.194185  (      10      13      28)
          52    0.066679    0.160207  (       1      12      16)
          53    0.066696    0.175813  (       8      13      28)
          54    0.066724    0.182586  (      10      13      26)
          55    0.066758    0.163575  (       8      13      26)
          56    0.066778    0.181967  (      10      13      30)
          57    0.066877    0.196300  (      10      13      27)
          58    0.066913    0.162779  (       8      13      30)
          59    0.066949    0.197317  (      10      13      25)
          60    0.067007    0.193597  (       4      12      24)
          61    0.067010    0.178135  (       1      11      16)
          62    0.067023    0.164900  (       1      12      15)
          63    0.067039    0.183303  (       3      11      16)
          64    0.067104    0.174948  (      10      11      24)
          65    0.067114    0.187076  (       4      13      21)
          66    0.067177    0.195213  (       4      13      27)
          67    0.067299    0.196093  (       4      13      25)
          68    0.067407    0.185886  (       4      13      24)
          69    0.067415    0.184999  (       3      12      18)
          70    0.067459    0.186434  (       4      13      22)
          71    0.067474    0.178504  (       1      11      15)
          72    0.067486    0.183710  (       3      11      15)
          73    0.067525    0.201577  (      10      12      29)
          74    0.067537    0.184688  (       8      12      29)
          75    0.067538    0.190955  (       3      12      19)
          76    0.067560    0.190970  (       3      12      20)
          77    0.067616    0.193597  (       4      13      23)
          78    0.067697    0.202196  (       7      11      14)
          79    0.067746    0.209554  (       7      12      14)
          80    0.067802    0.182636  (       4      13      26)
          81    0.067823    0.183505  (       8      12      25)
          82    0.068043    0.192677  (       4      13      28)
          83    0.068049    0.171950  (       8      12      22)
          84    0.068088    0.160611  (       3      13      16)
          85    0.068106    0.182074  (       4      13      30)
          86    0.068119    0.182806  (       8      12      27)
          87    0.068152    0.178956  (       8      12      28)
          88    0.068171    0.190264  (      10      12      22)
          89    0.068183    0.196990  (      10      12      28)
          90    0.068185    0.199946  (       4      13      29)
          91    0.068213    0.179463  (       2      11      16)
          92    0.068244    0.183557  (       1      12      18)
          93    0.068251    0.180349  (       8      12      23)
          94    0.068285    0.173236  (       8      12      21)
          95    0.068292    0.189973  (       8      11      24)
          96    0.068304    0.189691  (       1      12      19)
          97    0.068325    0.197802  (      10      12      24)
          98    0.068327    0.189705  (       1      12      20)
          99    0.068375    0.198069  (      10      12      23)
         100    0.068385    0.160306  (       3      13      15)
