    0.15564E+00
    0.20964E+00
    0.21804E+00
    0.18254E+00
    0.22284E+00
    0.23471E+00
   -0.67034E+00
    0.45260E-01
    0.29216E+00
    0.20986E+00
    0.32176E+00
   -0.88120E-01
    0.36870E-01
   -0.14413E+00
    0.81970E-01
    0.58390E-01
    0.59270E-01
   -0.47108E+00
   -0.65280E-01
   -0.16392E+00
   -0.87820E-01
   -0.76900E-02
    0.10251E+00
    0.28910E-01
    0.12001E+00
    0.13132E+00
    0.24920E-01
    0.15682E+00
    0.70160E-01
   -0.15240E-01
    0.12696E+00
    0.30560E-01
   -0.11817E+00
   -0.21882E+00
   -0.10832E+00
   -0.56240E-01
   -0.35065E+00
   -0.13394E+00
   -0.95040E-01
   -0.41768E+00
    0.35090E-01
    0.25256E+00
   -0.19631E+00
