   -0.83160E-02
   -0.52136E-01
   -0.13176E-01
    0.29405E-01
    0.38810E-02
    0.27975E-01
    0.33190E-01
   -0.45200E-01
    0.12210E-01
    0.63310E-01
   -0.13800E-01
    0.84770E-01
   -0.28630E-01
    0.27640E-01
    0.43000E-03
    0.63400E-01
    0.32400E-02
    0.39350E-01
    0.17960E-01
    0.20280E-01
    0.13310E-01
   -0.44200E-02
   -0.45160E-01
   -0.97300E-02
   -0.38710E-01
    0.62300E-02
    0.32720E-01
   -0.61040E-01
    0.55060E-01
   -0.77120E-01
   -0.98070E-01
   -0.33780E-01
   -0.14440E-01
   -0.59920E-01
    0.33230E-01
    0.36130E-01
    0.16530E-01
    0.27000E-01
    0.49000E-01
   -0.37920E-01
    0.20450E-01
    0.55390E-01
   -0.21320E-01
   -0.19620E-01
   -0.89640E-01
