    0.52140E-01
    0.14560E-01
    0.40980E-01
    0.46090E-01
    0.18800E-01
    0.44840E-01
   -0.89184E-01
   -0.52800E-01
    0.25903E+00
    0.79260E-01
    0.14100E-01
    0.91180E-01
   -0.92390E-01
   -0.58460E-01
   -0.20222E+00
   -0.16330E-01
   -0.10620E-01
    0.89930E-01
   -0.15787E+00
   -0.86200E-02
    0.52350E-01
    0.14190E-01
   -0.67330E-01
    0.63120E-01
    0.19120E-01
    0.79680E-01
    0.31600E-02
   -0.85450E-01
    0.25430E-01
   -0.71300E-02
   -0.47720E-01
    0.41330E-01
   -0.15940E-01
   -0.72440E-01
    0.14950E-01
    0.91700E-02
   -0.27820E-01
   -0.16096E+00
    0.15717E+00
    0.55910E-01
   -0.10840E-01
    0.64760E-01
   -0.29500E-02
   -0.89720E-02
   -0.15521E+00
