   -0.13889E-01
   -0.52698E-01
   -0.25106E-01
    0.58490E-01
    0.35300E-01
    0.54510E-01
    0.16530E-01
   -0.50700E-01
    0.81600E-02
    0.49150E-01
   -0.18660E-01
    0.61500E-01
   -0.58940E-01
    0.34480E-01
   -0.33290E-01
    0.72520E-01
   -0.23290E-01
    0.13676E+00
    0.17760E-01
   -0.52500E-02
   -0.16850E-01
   -0.53200E-02
   -0.48200E-01
    0.14500E-01
   -0.28310E-01
    0.31120E-01
    0.11850E-01
   -0.70580E-01
    0.32720E-01
   -0.57080E-01
   -0.10099E+00
   -0.81300E-02
   -0.25710E-01
   -0.86030E-01
    0.30800E-02
    0.46490E-01
   -0.57900E-02
    0.47640E-01
    0.69690E-01
    0.28810E-01
    0.15000E-03
    0.69950E-01
   -0.46320E-01
   -0.35445E-01
   -0.84610E-01
