    0.31910E-01
    0.12930E-01
    0.34930E-02
    0.69130E-01
    0.70280E-01
    0.36374E-01
   -0.62320E-01
   -0.85880E-01
    0.10797E+00
    0.44310E-01
   -0.12420E-01
    0.45400E-01
   -0.12870E-01
    0.26980E-01
   -0.12342E+00
    0.42300E-01
   -0.51330E-01
    0.14000E-01
   -0.95450E-01
   -0.20420E-01
   -0.25320E-01
   -0.80600E-02
   -0.51880E-01
    0.50620E-01
    0.28400E-02
    0.46830E-01
    0.84420E-01
    0.10880E-01
    0.78090E-01
   -0.37190E-01
   -0.97890E-01
   -0.27800E-02
   -0.71960E-01
    0.44000E-01
   -0.23060E-01
    0.28300E-01
   -0.14270E+00
   -0.62000E-01
    0.11040E-01
    0.79100E-02
    0.88350E-01
    0.11078E+00
    0.61580E-01
   -0.10752E+00
   -0.36220E-01
