    0.54240E-01
    0.19110E-01
    0.40520E-01
    0.36963E-01
    0.87500E-02
    0.35943E-01
   -0.11371E+00
   -0.47932E+00
    0.15659E+00
    0.93290E-01
    0.31720E-01
    0.10272E+00
   -0.34980E-01
   -0.49240E-01
   -0.18891E+00
   -0.69700E-02
    0.59560E-01
    0.70940E-01
   -0.29027E+00
    0.12590E-01
    0.12112E+00
    0.66930E-01
   -0.49500E-01
    0.81290E-01
    0.37680E-01
    0.97650E-01
    0.15700E-02
   -0.87240E-01
    0.24210E-01
    0.10300E-01
   -0.25020E-01
    0.57110E-01
    0.66100E-02
    0.25900E-02
    0.88380E-01
    0.65100E-01
    0.34600E-02
   -0.91260E-01
    0.24364E+00
    0.11846E+00
   -0.23570E+00
   -0.55160E-01
    0.69720E-01
   -0.22938E-01
   -0.88550E-01
