    0.99390E-02    0.17747E+02    0.16580E+02   -0.75702E+02    0.80810E+00    0.75494E+00   -0.92015E+01    0.12813E+01   -0.15453E+01   -0.81033E+02   -0.92575E+01
   -0.26601E-01    0.17495E+02    0.16580E+02   -0.75702E+02    0.79661E+00    0.75494E+00   -0.92015E+01    0.12826E+01   -0.15453E+01   -0.79881E+02   -0.92454E+01
   -0.28050E-02    0.17203E+02    0.16580E+02   -0.75702E+02    0.78332E+00    0.75494E+00   -0.92015E+01    0.12842E+01   -0.15453E+01   -0.78549E+02   -0.92314E+01
   -0.13244E-01    0.10886E+03    0.94014E+02   -0.55897E+03    0.41150E+01    0.35539E+01   -0.13848E+02    0.84728E+00   -0.24916E+01   -0.64722E+03   -0.14268E+02
   -0.37490E-01    0.11277E+03    0.94014E+02   -0.55897E+03    0.42631E+01    0.35539E+01   -0.13848E+02    0.83951E+00   -0.24916E+01   -0.67051E+03   -0.14378E+02
   -0.16266E-01    0.10661E+03    0.94014E+02   -0.55897E+03    0.40301E+01    0.35539E+01   -0.13848E+02    0.85173E+00   -0.24916E+01   -0.63388E+03   -0.14204E+02
    0.12554E+00   -0.69823E+02   -0.64555E+02    0.35501E+03   -0.34059E+01   -0.31489E+01   -0.41017E+01    0.18081E+01   -0.24365E+00    0.38398E+03   -0.39275E+01
   -0.39300E-01    0.46624E+02    0.45176E+02   -0.16098E+03    0.12659E+01    0.12266E+01   -0.87595E+01    0.11258E+01   -0.86189E+00   -0.16614E+03   -0.88735E+01
    0.79100E-02    0.45715E+02    0.45176E+02   -0.16098E+03    0.12412E+01    0.12266E+01   -0.87595E+01    0.11379E+01   -0.86189E+00   -0.16290E+03   -0.88019E+01
    0.62110E-01    0.55089E+02    0.53394E+02   -0.25229E+03    0.20805E+01    0.20165E+01   -0.11068E+02    0.11115E+01   -0.18569E+01   -0.26030E+03   -0.11144E+02
   -0.27600E-02    0.54821E+02    0.53394E+02   -0.25229E+03    0.20703E+01    0.20165E+01   -0.11068E+02    0.11129E+01   -0.18569E+01   -0.25903E+03   -0.11132E+02
    0.73580E-01    0.54379E+02    0.53394E+02   -0.25229E+03    0.20537E+01    0.20165E+01   -0.11068E+02    0.11151E+01   -0.18569E+01   -0.25694E+03   -0.11112E+02
   -0.11217E+00    0.12598E+03    0.12501E+03   -0.54746E+03    0.42988E+01    0.42658E+01   -0.13833E+02    0.85326E+00   -0.26187E+01   -0.55169E+03   -0.13883E+02
   -0.65460E-01    0.73882E+02    0.65552E+02   -0.32895E+03    0.21692E+01    0.19246E+01   -0.12616E+02    0.10149E+01   -0.21727E+01   -0.37075E+03   -0.12946E+02
    0.56620E-01    0.70692E+02    0.65552E+02   -0.32895E+03    0.20755E+01    0.19246E+01   -0.12616E+02    0.10264E+01   -0.21727E+01   -0.35474E+03   -0.12820E+02
   -0.51380E-01    0.12496E+03    0.12279E+03   -0.50558E+03    0.52432E+01    0.51521E+01   -0.13037E+02    0.41624E+00   -0.29939E+01   -0.51452E+03   -0.13165E+02
    0.67890E-01    0.76289E+02    0.69015E+02   -0.29706E+03    0.16580E+01    0.14999E+01   -0.11515E+02    0.11418E+01   -0.18728E+01   -0.32836E+03   -0.11907E+02
    0.14590E-01    0.92887E+02    0.89403E+02   -0.40569E+03    0.29893E+01    0.28771E+01   -0.10623E+02    0.72705E+00   -0.10846E+01   -0.42150E+03   -0.10792E+02
    0.21060E-01    0.64490E+02    0.66309E+02   -0.24157E+03    0.24422E+01    0.25111E+01   -0.10541E+02    0.97198E+00   -0.12533E+01   -0.23494E+03   -0.10404E+02
   -0.10850E-01    0.66037E+02    0.66309E+02   -0.24157E+03    0.25008E+01    0.25111E+01   -0.10541E+02    0.95198E+00   -0.12533E+01   -0.24057E+03   -0.10521E+02
   -0.77190E-01    0.97881E+02    0.94094E+02   -0.49064E+03    0.25831E+01    0.24831E+01   -0.13326E+02    0.89963E+00   -0.23185E+01   -0.51039E+03   -0.13465E+02
    0.52750E-01    0.41619E+02    0.39419E+02   -0.15676E+03    0.15536E+01    0.14715E+01   -0.97074E+01    0.11074E+01   -0.13103E+01   -0.16551E+03   -0.98465E+01
    0.88000E-02    0.43322E+02    0.39419E+02   -0.15676E+03    0.16172E+01    0.14715E+01   -0.97074E+01    0.10951E+01   -0.13103E+01   -0.17228E+03   -0.99542E+01
    0.69360E-01    0.41626E+02    0.39419E+02   -0.15676E+03    0.15539E+01    0.14715E+01   -0.97074E+01    0.11073E+01   -0.13103E+01   -0.16554E+03   -0.98470E+01
   -0.21910E-01    0.10582E+03    0.97207E+02   -0.53735E+03    0.35428E+01    0.32546E+01   -0.13647E+02    0.91124E+00   -0.24020E+01   -0.58494E+03   -0.13928E+02
   -0.10863E+00    0.10931E+03    0.97207E+02   -0.53735E+03    0.36599E+01    0.32546E+01   -0.13647E+02    0.90183E+00   -0.24020E+01   -0.60426E+03   -0.14043E+02
   -0.18000E-03    0.10482E+03    0.97207E+02   -0.53735E+03    0.35094E+01    0.32546E+01   -0.13647E+02    0.91393E+00   -0.24020E+01   -0.57941E+03   -0.13896E+02
   -0.12830E-01    0.37397E+02    0.35639E+02   -0.14231E+03    0.13998E+01    0.13340E+01   -0.94639E+01    0.10006E+01   -0.14013E+01   -0.14933E+03   -0.95742E+01
   -0.54320E-01    0.38727E+02    0.35639E+02   -0.14231E+03    0.14496E+01    0.13340E+01   -0.94639E+01    0.99146E+00   -0.14013E+01   -0.15465E+03   -0.96576E+01
    0.36050E-01    0.37421E+02    0.35639E+02   -0.14231E+03    0.14007E+01    0.13340E+01   -0.94639E+01    0.10005E+01   -0.14013E+01   -0.14943E+03   -0.95757E+01
   -0.22400E-01    0.68631E+02    0.66249E+02   -0.30604E+03    0.21513E+01    0.20767E+01   -0.11426E+02    0.86317E+00   -0.19248E+01   -0.31704E+03   -0.11537E+02
   -0.81160E-01    0.88350E+02    0.88502E+02   -0.33696E+03    0.35335E+01    0.35396E+01   -0.13170E+02    0.82118E+00   -0.29241E+01   -0.33638E+03   -0.13160E+02
   -0.21280E-01    0.96800E+02    0.99235E+02   -0.40803E+03    0.28864E+01    0.29590E+01   -0.12321E+02    0.10171E+01   -0.15694E+01   -0.39802E+03   -0.12177E+02
   -0.18500E-01    0.98905E+02    0.99235E+02   -0.40803E+03    0.29491E+01    0.29590E+01   -0.12321E+02    0.99695E+00   -0.15694E+01   -0.40668E+03   -0.12301E+02
   -0.40230E-01    0.10266E+03    0.10145E+03   -0.49017E+03    0.28947E+01    0.28606E+01   -0.12251E+02    0.83986E+00   -0.19136E+01   -0.49601E+03   -0.12303E+02
    0.33290E-01    0.37049E+02    0.36622E+02   -0.10516E+03    0.15755E+01    0.15574E+01   -0.10152E+02    0.11754E+01   -0.15532E+01   -0.10639E+03   -0.10204E+02
    0.10246E+00    0.32459E+02    0.33215E+02   -0.95270E+02    0.11207E+01    0.11467E+01   -0.86373E+01    0.12105E+01   -0.89215E+00   -0.93103E+02   -0.85455E+01
    0.11640E-01    0.32858E+02    0.33215E+02   -0.95270E+02    0.11344E+01    0.11467E+01   -0.86373E+01    0.12002E+01   -0.89215E+00   -0.94245E+02   -0.85939E+01
    0.76500E-02    0.68845E+02    0.64728E+02   -0.25933E+03    0.22689E+01    0.21332E+01   -0.10718E+02    0.11302E+01   -0.13492E+01   -0.27582E+03   -0.10974E+02
    0.64270E-01    0.66956E+02    0.64728E+02   -0.25933E+03    0.22067E+01    0.21332E+01   -0.10718E+02    0.11475E+01   -0.13492E+01   -0.26825E+03   -0.10856E+02
   -0.10930E-01    0.79915E+02    0.80392E+02   -0.28957E+03    0.38597E+01    0.38828E+01   -0.12258E+02    0.87085E+00   -0.23382E+01   -0.28785E+03   -0.12222E+02
    0.22381E-01   -0.26577E+02   -0.27912E+02    0.16335E+03   -0.10722E+01   -0.11260E+01   -0.56870E+01    0.16589E+01   -0.23683E+00    0.15553E+03   -0.57260E+01
