    0.52920E-01
    0.17920E-01
    0.39050E-01
    0.35380E-01
    0.72400E-02
    0.34310E-01
   -0.11645E+00
   -0.47654E+00
    0.15867E+00
    0.92670E-01
    0.31280E-01
    0.10192E+00
   -0.33270E-01
   -0.49930E-01
   -0.18924E+00
   -0.76900E-02
    0.62020E-01
    0.72390E-01
   -0.28878E+00
    0.13190E-01
    0.12369E+00
    0.68360E-01
    0.81080E-01
    0.37730E-01
    0.97430E-01
    0.37000E-03
   -0.88290E-01
    0.22980E-01
    0.99500E-02
   -0.24920E-01
    0.56680E-01
    0.65800E-02
    0.52100E-02
    0.91140E-01
    0.40100E-02
   -0.88850E-01
    0.24710E+00
    0.12049E+00
   -0.23420E+00
   -0.54430E-01
    0.72240E-01
   -0.25158E-01
   -0.86260E-01
