    0.97120E-02
   -0.33000E-02
   -0.22797E-01
    0.39657E-01
    0.52100E-01
   -0.34000E-02
    0.66130E-02
    0.12300E-01
   -0.33460E-01
    0.36810E-01
   -0.16630E-01
    0.32350E-01
   -0.93600E-02
   -0.14890E-01
   -0.15694E+00
   -0.58700E-02
    0.26960E-01
    0.23560E-01
   -0.52230E-01
    0.15590E-01
    0.10650E-01
    0.39000E-01
    0.65060E-01
    0.21290E-01
    0.60340E-01
    0.49830E-01
   -0.14680E-01
    0.36500E-01
   -0.21200E-01
   -0.77870E-01
    0.11780E-01
   -0.77470E-01
    0.26180E-01
   -0.77500E-02
   -0.12683E+00
   -0.60280E-01
    0.49890E-01
    0.58770E-01
   -0.19730E-01
   -0.23880E-01
    0.81340E-01
    0.13239E-01
   -0.30900E-01
