    0.31000E-01
    0.12610E-01
    0.19540E-02
    0.66970E-01
    0.68750E-01
    0.33522E-01
   -0.68690E-01
   -0.86840E-01
    0.10901E+00
    0.43930E-01
   -0.12290E-01
    0.44500E-01
   -0.13620E-01
    0.24470E-01
   -0.12543E+00
    0.39240E-01
   -0.49860E-01
    0.12420E-01
   -0.94070E-01
   -0.19330E-01
   -0.22290E-01
   -0.60000E-02
    0.50970E-01
    0.35300E-02
    0.46760E-01
    0.82240E-01
    0.92300E-02
    0.75330E-01
   -0.36670E-01
   -0.96990E-01
   -0.26900E-02
   -0.72740E-01
    0.42250E-01
   -0.20910E-01
   -0.14247E+00
   -0.62940E-01
    0.13810E-01
    0.99500E-02
    0.88600E-01
    0.11053E+00
    0.61350E-01
   -0.11202E+00
   -0.37060E-01
