    0.49970E-01
    0.12440E-01
    0.38740E-01
    0.43820E-01
    0.16560E-01
    0.42547E-01
   -0.91982E-01
   -0.52000E-01
    0.25873E+00
    0.77400E-01
    0.12310E-01
    0.89240E-01
   -0.93230E-01
   -0.60350E-01
   -0.20394E+00
   -0.18230E-01
   -0.11130E-01
    0.89140E-01
   -0.15838E+00
   -0.99100E-02
    0.51900E-01
    0.13230E-01
    0.61440E-01
    0.17570E-01
    0.78000E-01
    0.10500E-02
   -0.87480E-01
    0.23310E-01
   -0.88700E-02
   -0.49260E-01
    0.39550E-01
   -0.17540E-01
   -0.72880E-01
    0.14580E-01
   -0.29160E-01
   -0.16149E+00
    0.15711E+00
    0.55220E-01
   -0.11140E-01
    0.63850E-01
   -0.34300E-02
   -0.11541E-01
   -0.15579E+00
