   -0.16160E-02
   -0.10690E-01
   -0.39187E-01
    0.40390E-01
    0.43020E-01
    0.79710E-02
   -0.17477E-01
    0.86000E-02
   -0.17040E-01
    0.44590E-01
   -0.44000E-03
    0.31990E-01
    0.12610E-01
    0.13680E-01
   -0.99370E-01
    0.22480E-01
    0.10580E-01
    0.96680E-01
   -0.46800E-01
    0.32520E-01
    0.26400E-02
    0.17550E-01
    0.46600E-01
    0.85100E-02
    0.42230E-01
    0.13040E-01
   -0.31190E-01
    0.44000E-03
   -0.38690E-01
   -0.85090E-01
   -0.76400E-02
   -0.46920E-01
    0.31620E-01
    0.32830E-01
   -0.63870E-01
   -0.83950E-01
    0.28600E-01
    0.28620E-01
   -0.12990E-01
   -0.23840E-01
    0.61920E-01
    0.72820E-02
   -0.60170E-01
