        Rank     LS_RMSE    LS_MaxAE  Feature_ID
           1    0.063865    0.181083  (       4      17      26)
           2    0.063924    0.179304  (       7      17      26)
           3    0.064255    0.139455  (       2      17      26)
           4    0.064682    0.138764  (      10      17      26)
           5    0.065081    0.181137  (       9      17      26)
           6    0.065112    0.182011  (       6      17      26)
           7    0.065252    0.146439  (       1      17      26)
           8    0.065497    0.140031  (       8      17      26)
           9    0.066078    0.242410  (       4      17      21)
          10    0.067282    0.141863  (       5      17      26)
          11    0.067402    0.243052  (       7      17      21)
          12    0.067865    0.243312  (       6      17      21)
          13    0.068177    0.147882  (       3      17      26)
          14    0.068195    0.198731  (       4      17      22)
          15    0.068421    0.223737  (       4      17      28)
          16    0.068517    0.223027  (       7      17      28)
          17    0.068554    0.204733  (       6      17      22)
          18    0.068610    0.244303  (       9      17      21)
          19    0.068696    0.236762  (       1      12      26)
          20    0.068792    0.195666  (       4      11      24)
          21    0.068854    0.237467  (       2      12      26)
          22    0.068921    0.191841  (       4      17      25)
          23    0.068970    0.195558  (       4      11      23)
          24    0.069319    0.194122  (       4      17      27)
          25    0.069334    0.199523  (       4      17      23)
          26    0.069445    0.199594  (       4      17      24)
          27    0.069606    0.194123  (       4      17      29)
          28    0.069614    0.205521  (       6      17      23)
          29    0.069693    0.209426  (       9      17      22)
          30    0.069710    0.205594  (       6      17      24)
          31    0.069800    0.250738  (      10      11      26)
          32    0.069927    0.203789  (       7      17      22)
          33    0.070024    0.248881  (       4      17      30)
          34    0.070033    0.208708  (      10      12      26)
          35    0.070035    0.207893  (       8      12      26)
          36    0.070221    0.250088  (       8      11      26)
          37    0.070467    0.281515  (       2      11      26)
          38    0.070489    0.199890  (       6      17      27)
          39    0.070525    0.201425  (       6      11      24)
          40    0.070706    0.210200  (       9      17      23)
          41    0.070715    0.201316  (       6      11      23)
          42    0.070761    0.199874  (       6      17      29)
          43    0.070803    0.210272  (       9      17      24)
          44    0.070870    0.194168  (       4      11      22)
          45    0.070870    0.196956  (       7      17      25)
          46    0.070883    0.197899  (       6      17      25)
          47    0.070927    0.281059  (       1      11      26)
          48    0.070996    0.199036  (       7      17      27)
          49    0.071010    0.249650  (       6      17      30)
          50    0.071022    0.204559  (       7      17      23)
          51    0.071113    0.164474  (       3      17      21)
          52    0.071129    0.200641  (       7      11      24)
          53    0.071131    0.204628  (       7      17      24)
          54    0.071231    0.163184  (       5      17      21)
          55    0.071285    0.199017  (       7      17      29)
          56    0.071306    0.200536  (       7      11      23)
          57    0.071348    0.249594  (       7      17      30)
          58    0.071394    0.240792  (      10      15      26)
          59    0.071674    0.204422  (       9      17      27)
          60    0.071763    0.250720  (       9      17      30)
          61    0.071793    0.240098  (       8      15      26)
          62    0.071904    0.157589  (       3      17      30)
          63    0.071974    0.204388  (       9      17      29)
          64    0.071996    0.227481  (       6      17      28)
          65    0.072000    0.156237  (       5      17      30)
          66    0.072060    0.241988  (      10      18      26)
          67    0.072200    0.227572  (       9      17      28)
          68    0.072318    0.205970  (       9      11      24)
          69    0.072338    0.202597  (       9      17      25)
          70    0.072451    0.241289  (       8      18      26)
          71    0.072506    0.205863  (       9      11      23)
          72    0.072513    0.194446  (       4      18      24)
          73    0.072611    0.194333  (       4      18      23)
          74    0.072634    0.170856  (       2      17      21)
          75    0.072751    0.199936  (       6      11      22)
          76    0.072806    0.169165  (       1      17      21)
          77    0.072835    0.193992  (       4      15      24)
          78    0.072951    0.193885  (       4      15      23)
          79    0.073152    0.224477  (       2      12      28)
          80    0.073259    0.199171  (       7      11      22)
          81    0.073536    0.223596  (       4      20      24)
          82    0.073564    0.223115  (       1      12      28)
          83    0.073581    0.223282  (       4      20      23)
          84    0.073670    0.192723  (       4      18      22)
          85    0.073987    0.272823  (       2      15      26)
          86    0.074170    0.210298  (       1      12      21)
          87    0.074245    0.192319  (       4      15      22)
          88    0.074284    0.218954  (       4      20      22)
          89    0.074426    0.200139  (       6      18      24)
          90    0.074438    0.272336  (       1      15      26)
          91    0.074537    0.200026  (       6      18      23)
          92    0.074631    0.204491  (       9      11      22)
          93    0.074637    0.217322  (       6      12      23)
          94    0.074702    0.217481  (       6      12      24)
          95    0.074791    0.199697  (       6      15      24)
          96    0.074898    0.199371  (       7      18      24)
          97    0.074920    0.199589  (       6      15      23)
          98    0.074996    0.199261  (       7      18      23)
          99    0.074998    0.274135  (       2      18      26)
         100    0.075034    0.210578  (       2      12      21)
