        Rank     LS_RMSE    LS_MaxAE  Feature_ID
           1    0.040106    0.090629  (       4      11      26      40      43)
           2    0.040141    0.090961  (       4      11      26      40      50)
           3    0.040168    0.090849  (       4      11      26      40      49)
           4    0.040202    0.090558  (       4      11      26      40      47)
           5    0.040233    0.084200  (       7      15      26      40      44)
           6    0.040346    0.092534  (       4      11      26      40      46)
           7    0.040364    0.090388  (       7      16      26      40      44)
           8    0.040420    0.080443  (       4      15      26      40      44)
           9    0.040651    0.121827  (       4      19      21      40      44)
          10    0.040709    0.092530  (       4      11      26      40      48)
          11    0.040727    0.093328  (       4      16      26      40      44)
          12    0.040789    0.094598  (       7      11      26      40      43)
          13    0.040791    0.094969  (       7      11      26      40      50)
          14    0.040793    0.085684  (       7      15      26      38      44)
          15    0.040811    0.087384  (       7      15      26      40      45)
          16    0.040844    0.094839  (       7      11      26      40      49)
          17    0.040856    0.088679  (       7      15      26      37      44)
          18    0.040870    0.094540  (       7      11      26      40      47)
          19    0.040883    0.091523  (       4      15      26      38      44)
          20    0.040924    0.094492  (       4      15      26      37      44)
          21    0.040951    0.085103  (       4      15      26      40      45)
          22    0.040953    0.089217  (       7      15      26      34      44)
          23    0.041001    0.096586  (       7      11      26      40      46)
          24    0.041082    0.090037  (       4      11      26      40      44)
          25    0.041116    0.095071  (       4      15      26      34      44)
          26    0.041200    0.100856  (       4      11      26      40      41)
          27    0.041205    0.089047  (       7      18      26      37      44)
          28    0.041221    0.086851  (       7      18      26      40      44)
          29    0.041252    0.101285  (       4      11      26      40      42)
          30    0.041312    0.091451  (       4      11      19      26      40)
          31    0.041346    0.116027  (       4      16      21      40      44)
          32    0.041360    0.094788  (       4      18      26      37      44)
          33    0.041372    0.087364  (       7      18      26      38      44)
          34    0.041382    0.096584  (       7      11      26      40      48)
          35    0.041439    0.091393  (       4      11      26      38      50)
          36    0.041449    0.091579  (       4      11      26      34      50)
          37    0.041461    0.091181  (       4      11      26      34      47)
          38    0.041469    0.091112  (       4      11      26      34      43)
          39    0.041469    0.087746  (       7      15      26      38      45)
          40    0.041469    0.083061  (       4      18      26      40      44)
          41    0.041472    0.090993  (       4      11      26      38      47)
          42    0.041496    0.092894  (       4      11      26      40      45)
          43    0.041497    0.090915  (       4      11      26      38      43)
          44    0.041510    0.089070  (       4      15      26      38      45)
          45    0.041519    0.089539  (       7      18      26      34      44)
          46    0.041530    0.091214  (       4      11      26      38      49)
          47    0.041540    0.091648  (       4      18      26      38      44)
          48    0.041552    0.086558  (       7      15      26      37      45)
          49    0.041571    0.091366  (       4      11      26      34      49)
          50    0.041572    0.090538  (       4      15      26      37      45)
          51    0.041578    0.091130  (       7      11      26      40      44)
          52    0.041603    0.120012  (       7      19      21      40      44)
          53    0.041620    0.090114  (       7      18      26      40      45)
          54    0.041645    0.093037  (       4      11      26      38      46)
          55    0.041673    0.093292  (       4      11      16      26      40)
          56    0.041709    0.089593  (       7      18      26      37      45)
          57    0.041713    0.089120  (       7      15      26      34      45)
          58    0.041719    0.094364  (       7      16      26      38      44)
          59    0.041730    0.093228  (       4      11      26      34      46)
          60    0.041763    0.095327  (       4      18      26      34      44)
          61    0.041818    0.100103  (       4      20      21      24      44)
          62    0.041821    0.091885  (       4      15      26      34      45)
          63    0.041825    0.090828  (       4      18      26      37      45)
          64    0.041832    0.086295  (       4      18      26      40      45)
          65    0.041842    0.090535  (       4      11      26      37      50)
          66    0.041858    0.090713  (       7      18      26      38      45)
          67    0.041867    0.110313  (       7      18      26      32      44)
          68    0.041896    0.089642  (       4      11      26      37      47)
          69    0.041951    0.100604  (       4      20      21      23      44)
          70    0.041958    0.097355  (       4      16      26      38      44)
          71    0.041960    0.090445  (       4      11      26      37      49)
          72    0.041973    0.093087  (       4      11      26      38      48)
          73    0.041977    0.096819  (       7      16      26      34      44)
          74    0.041981    0.091047  (       4      11      26      37      43)
          75    0.041987    0.087662  (       4      18      26      38      45)
          76    0.041994    0.091728  (       4      11      26      37      46)
          77    0.042023    0.090617  (       7      11      26      40      45)
          78    0.042031    0.093157  (       7      11      19      26      40)
          79    0.042059    0.095254  (       4      20      21      33      44)
          80    0.042084    0.115862  (       4      18      26      32      44)
          81    0.042086    0.093270  (       4      11      26      34      48)
          82    0.042088    0.090361  (       7      18      26      34      45)
          83    0.042110    0.104747  (       7      11      26      40      41)
          84    0.042147    0.105178  (       7      11      26      40      42)
          85    0.042161    0.095012  (       4      20      21      35      44)
          86    0.042166    0.095717  (       7      11      26      34      50)
          87    0.042171    0.095093  (       4      20      21      36      44)
          88    0.042196    0.095290  (       7      11      26      34      47)
          89    0.042210    0.095451  (       7      11      26      38      50)
          90    0.042212    0.102255  (       7      16      26      40      45)
          91    0.042222    0.095202  (       7      11      26      34      43)
          92    0.042259    0.095023  (       7      11      26      38      47)
          93    0.042263    0.094644  (       7      16      26      37      44)
          94    0.042281    0.099790  (       4      16      26      34      44)
          95    0.042287    0.091270  (       4      18      26      34      45)
          96    0.042294    0.091821  (       4      11      26      37      48)
          97    0.042297    0.103120  (       2      12      26      32      41)
          98    0.042297    0.126674  (       4      19      21      34      44)
          99    0.042300    0.094930  (       7      11      26      38      43)
         100    0.042320    0.095483  (       7      11      26      34      49)
