        Rank     LS_RMSE    LS_MaxAE  Feature_ID
           1    0.118483    0.488641  (       1)
           2    0.118807    0.487796  (       2)
           3    0.120152    0.453641  (       3)
           4    0.120161    0.484109  (       4)
           5    0.120786    0.454225  (       5)
           6    0.120969    0.474424  (       6)
           7    0.122551    0.490104  (       7)
           8    0.122937    0.430709  (       8)
           9    0.123142    0.481227  (       9)
          10    0.123270    0.431381  (      10)
