        Rank     LS_RMSE    LS_MaxAE  Feature_ID
           1    0.082420    0.259691  (       4      17)
           2    0.083039    0.260505  (       6      17)
           3    0.084019    0.260532  (       7      17)
           4    0.084147    0.261706  (       9      17)
           5    0.087156    0.318096  (       4      11)
           6    0.088815    0.205501  (       1      11)
           7    0.088939    0.324702  (       6      11)
           8    0.089284    0.323243  (       7      11)
           9    0.089388    0.204878  (       2      11)
          10    0.089794    0.195958  (       1      17)
          11    0.090085    0.196608  (       2      17)
          12    0.090656    0.329919  (       9      11)
          13    0.091086    0.223718  (       1      13)
          14    0.091341    0.225043  (       1      14)
          15    0.091377    0.218485  (       1      12)
          16    0.091633    0.197552  (       1      15)
          17    0.092201    0.196903  (       2      15)
          18    0.092294    0.222914  (       2      13)
          19    0.092472    0.218842  (       2      12)
          20    0.092567    0.186595  (       1      16)
          21    0.092576    0.224213  (       2      14)
          22    0.092667    0.197543  (       1      18)
          23    0.093099    0.189151  (       2      16)
          24    0.093234    0.196889  (       2      18)
          25    0.094077    0.208766  (       1      19)
          26    0.094192    0.312393  (       4      15)
          27    0.094339    0.256265  (       3      17)
          28    0.094573    0.207937  (       2      19)
          29    0.094822    0.255913  (       5      17)
          30    0.094864    0.211878  (       1      20)
          31    0.095059    0.239772  (       3      11)
          32    0.095410    0.213528  (       2      20)
          33    0.095493    0.312461  (       4      18)
          34    0.095799    0.239271  (       5      11)
          35    0.096068    0.319045  (       6      15)
          36    0.096387    0.317594  (       7      15)
          37    0.096562    0.236004  (       3      15)
          38    0.096930    0.285617  (       6      12)
          39    0.097149    0.304722  (       4      16)
          40    0.097219    0.236099  (       3      18)
          41    0.097305    0.319100  (       6      18)
          42    0.097343    0.235466  (       5      15)
          43    0.097613    0.229116  (       3      16)
          44    0.097674    0.317682  (       7      18)
          45    0.097895    0.324321  (       9      15)
          46    0.098005    0.279818  (       4      12)
          47    0.098009    0.235558  (       5      18)
          48    0.098295    0.309007  (       4      20)
          49    0.098371    0.228544  (       5      16)
          50    0.098602    0.342458  (       6      13)
          51    0.098866    0.290499  (       9      12)
          52    0.099019    0.224859  (       3      19)
          53    0.099034    0.343530  (       6      14)
          54    0.099125    0.324399  (       9      18)
          55    0.099211    0.311558  (       6      16)
          56    0.099365    0.322903  (       4      19)
          57    0.099493    0.309937  (       7      16)
          58    0.099639    0.249881  (       3      12)
          59    0.099752    0.224265  (       5      19)
          60    0.099956    0.334599  (       4      13)
          61    0.099981    0.228662  (       3      13)
          62    0.100210    0.315982  (       6      20)
          63    0.100229    0.228475  (       3      14)
          64    0.100355    0.335605  (       4      14)
          65    0.100444    0.284756  (       7      12)
          66    0.100569    0.348016  (       9      13)
          67    0.100625    0.314433  (       7      20)
          68    0.100789    0.249161  (       5      12)
          69    0.101025    0.349095  (       9      14)
          70    0.101067    0.242480  (       3      20)
          71    0.101192    0.228128  (       5      13)
          72    0.101199    0.316853  (       9      16)
          73    0.101432    0.328578  (       6      19)
          74    0.101462    0.227940  (       5      14)
          75    0.101787    0.331312  (       7      19)
          76    0.101807    0.268482  (       8      11)
          77    0.101820    0.241861  (       5      20)
          78    0.102135    0.267573  (      10      11)
          79    0.102191    0.321518  (       9      20)
          80    0.102361    0.340026  (       7      13)
          81    0.102781    0.341032  (       7      14)
          82    0.103310    0.265361  (       8      15)
          83    0.103367    0.282284  (       8      17)
          84    0.103500    0.259596  (       8      16)
          85    0.103502    0.281544  (      10      17)
          86    0.103507    0.337215  (       9      19)
          87    0.103662    0.264416  (      10      15)
          88    0.103853    0.258610  (      10      16)
          89    0.103891    0.258187  (       8      13)
          90    0.104030    0.265426  (       8      18)
          91    0.104116    0.257996  (       8      14)
          92    0.104254    0.255998  (       8      19)
          93    0.104387    0.264479  (      10      18)
          94    0.104598    0.257223  (      10      13)
          95    0.104602    0.254986  (      10      19)
          96    0.104839    0.257031  (      10      14)
          97    0.106193    0.278313  (       8      12)
          98    0.106780    0.277226  (      10      12)
          99    0.106852    0.273019  (       8      20)
         100    0.107202    0.271998  (      10      20)
