        Rank     LS_RMSE    LS_MaxAE  Feature_ID
           1    0.046196    0.106377  (       4      11      26      40)
           2    0.047214    0.110614  (       7      11      26      40)
           3    0.047759    0.108316  (       4      11      26      38)
           4    0.048110    0.106712  (       4      11      26      37)
           5    0.048261    0.112885  (       4      11      26      34)
           6    0.048474    0.109408  (       4      17      21      22)
           7    0.048474    0.109408  (       4      17      21      31)
           8    0.048878    0.112596  (       7      11      26      38)
           9    0.049115    0.136666  (       2      12      26      32)
          10    0.049204    0.138968  (       1      12      26      32)
          11    0.049242    0.110977  (       7      11      26      37)
          12    0.049360    0.117270  (       7      11      26      34)
          13    0.049552    0.108402  (       4      17      21      23)
          14    0.049657    0.108585  (       4      17      21      24)
          15    0.050025    0.114297  (       7      17      21      31)
          16    0.050025    0.114297  (       7      17      21      22)
          17    0.050214    0.122941  (       4      11      28      40)
          18    0.050394    0.135486  (       6      17      21      22)
          19    0.050394    0.135486  (       6      17      21      31)
          20    0.050442    0.143559  (       1      12      26      37)
          21    0.050448    0.126903  (       4      11      21      39)
          22    0.050469    0.142387  (       2      12      26      34)
          23    0.050485    0.144639  (       1      12      26      34)
          24    0.050495    0.141317  (       2      12      26      37)
          25    0.050522    0.157175  (       7      17      26      32)
          26    0.050619    0.104932  (       4      11      26      32)
          27    0.050649    0.161218  (       4      17      26      32)
          28    0.050743    0.144310  (       1      12      26      38)
          29    0.050793    0.142073  (       2      12      26      38)
          30    0.050867    0.144929  (       7      17      26      34)
          31    0.050921    0.140733  (       4      17      26      31)
          32    0.050921    0.140733  (       4      17      22      26)
          33    0.050948    0.128423  (       4      11      21      36)
          34    0.050963    0.128313  (       4      11      21      35)
          35    0.050977    0.149054  (       4      17      26      34)
          36    0.050983    0.125533  (       4      11      21      40)
          37    0.051006    0.110088  (       4      17      21      33)
          38    0.051021    0.142572  (       7      17      26      31)
          39    0.051021    0.142572  (       7      17      22      26)
          40    0.051043    0.114853  (       7      17      21      23)
          41    0.051110    0.110169  (       4      17      21      35)
          42    0.051117    0.128653  (       4      11      21      33)
          43    0.051142    0.110157  (       4      17      21      36)
          44    0.051144    0.114902  (       7      17      21      24)
          45    0.051153    0.136115  (       9      17      21      22)
          46    0.051153    0.136115  (       9      17      21      31)
          47    0.051153    0.145422  (       1      12      26      40)
          48    0.051170    0.144534  (       7      17      26      37)
          49    0.051177    0.129222  (       7      11      28      40)
          50    0.051199    0.143210  (       2      12      26      40)
          51    0.051218    0.142636  (       7      17      26      38)
          52    0.051248    0.148648  (       4      17      26      37)
          53    0.051298    0.146760  (       4      17      26      38)
          54    0.051314    0.140019  (       4      17      23      26)
          55    0.051341    0.139933  (       4      17      24      26)
          56    0.051342    0.132837  (       6      17      21      23)
          57    0.051359    0.141880  (       7      17      23      26)
          58    0.051382    0.141795  (       7      17      24      26)
          59    0.051408    0.139509  (       7      17      22      28)
          60    0.051408    0.139509  (       7      17      28      31)
          61    0.051425    0.132603  (       6      17      21      24)
          62    0.051487    0.125175  (       4      11      28      38)
          63    0.051529    0.137709  (       4      17      28      31)
          64    0.051529    0.137709  (       4      17      22      28)
          65    0.051533    0.135322  (       7      17      26      40)
          66    0.051538    0.117010  (       6      11      26      40)
          67    0.051607    0.110561  (       4      17      21      39)
          68    0.051609    0.123265  (       4      11      28      37)
          69    0.051638    0.139441  (       4      17      26      40)
          70    0.051735    0.140667  (       7      17      26      33)
          71    0.051738    0.109274  (       7      11      26      32)
          72    0.051740    0.138793  (       4      17      26      33)
          73    0.051762    0.140577  (       7      17      26      35)
          74    0.051769    0.138703  (       4      17      26      35)
          75    0.051816    0.140599  (       7      17      26      36)
          76    0.051822    0.138725  (       4      17      26      36)
          77    0.051888    0.138815  (       7      17      23      28)
          78    0.051900    0.138689  (       7      17      24      28)
          79    0.051988    0.140249  (       7      17      26      39)
          80    0.052006    0.138373  (       4      17      26      39)
          81    0.052012    0.129021  (       4      11      28      34)
          82    0.052015    0.142178  (       1      12      26      39)
          83    0.052027    0.141588  (       1      12      26      35)
          84    0.052030    0.148381  (       9      17      26      31)
          85    0.052030    0.148381  (       9      17      22      26)
          86    0.052032    0.141419  (       1      12      26      33)
          87    0.052042    0.133487  (       9      17      21      23)
          88    0.052082    0.137017  (       4      17      23      28)
          89    0.052096    0.146252  (       6      17      26      31)
          90    0.052096    0.146252  (       6      17      22      26)
          91    0.052102    0.136892  (       4      17      24      28)
          92    0.052106    0.128448  (       4      17      21      25)
          93    0.052112    0.141611  (       1      12      26      36)
          94    0.052125    0.133250  (       9      17      21      24)
          95    0.052204    0.140026  (       2      12      26      39)
          96    0.052213    0.128933  (       4      11      21      37)
          97    0.052219    0.139428  (       2      12      26      35)
          98    0.052223    0.139257  (       2      12      26      33)
          99    0.052268    0.117913  (       9      11      26      40)
         100    0.052273    0.122069  (       4      12      28      32)
