        Rank     LS_RMSE    LS_MaxAE  Feature_ID
           1    0.035099    0.081403  (       2       7      12      28      32      41)
           2    0.035099    0.081403  (       2       7      12      28      32      51)
           3    0.035292    0.081099  (       2       7      12      28      32      42)
           4    0.035292    0.081099  (       2       7      12      28      32      52)
           5    0.035370    0.092137  (       7      16      26      40      44      56)
           6    0.035370    0.092137  (       7      16      21      26      40      44)
           7    0.035416    0.095428  (       4      16      21      26      40      44)
           8    0.035416    0.095428  (       4      16      26      40      44      56)
           9    0.035495    0.083276  (       2       4      12      28      32      41)
          10    0.035495    0.083276  (       2       4      12      28      32      51)
          11    0.035504    0.078891  (       4      11      26      40      41      47)
          12    0.035504    0.078891  (       4      11      26      40      47      51)
          13    0.035510    0.083069  (       1       7      12      28      32      41)
          14    0.035510    0.083069  (       1       7      12      28      32      51)
          15    0.035523    0.079301  (       4      11      26      40      41      50)
          16    0.035523    0.079301  (       4      11      26      40      50      51)
          17    0.035537    0.079064  (       4      11      26      40      47      52)
          18    0.035537    0.079064  (       4      11      26      40      42      47)
          19    0.035552    0.077534  (       7      15      26      40      41      44)
          20    0.035552    0.077534  (       7      15      26      40      44      51)
          21    0.035556    0.079474  (       4      11      26      40      42      50)
          22    0.035556    0.079474  (       4      11      26      40      50      52)
          23    0.035584    0.079038  (       4      11      26      40      43      51)
          24    0.035584    0.079038  (       4      11      26      40      41      43)
          25    0.035589    0.077276  (       7      15      26      40      42      44)
          26    0.035589    0.077276  (       7      15      26      40      44      52)
          27    0.035610    0.079213  (       4      11      26      40      49      51)
          28    0.035610    0.079213  (       4      11      26      40      41      49)
          29    0.035619    0.079211  (       4      11      26      40      43      52)
          30    0.035619    0.079211  (       4      11      26      40      42      43)
          31    0.035645    0.079386  (       4      11      26      40      49      52)
          32    0.035645    0.079386  (       4      11      26      40      42      49)
          33    0.035695    0.082983  (       2       4      12      28      32      52)
          34    0.035695    0.082983  (       2       4      12      28      32      42)
          35    0.035708    0.082759  (       1       7      12      28      32      42)
          36    0.035708    0.082759  (       1       7      12      28      32      52)
          37    0.035714    0.085376  (       4      11      21      26      40      43)
          38    0.035714    0.085376  (       4      11      26      40      43      56)
          39    0.035728    0.081490  (       7      15      26      40      41      45)
          40    0.035728    0.081490  (       7      15      26      40      45      51)
          41    0.035752    0.079426  (       2       7      12      28      32      54)
          42    0.035762    0.081229  (       7      15      26      40      45      52)
          43    0.035762    0.081229  (       7      15      26      40      42      45)
          44    0.035846    0.085294  (       4      11      26      40      47      56)
          45    0.035846    0.085294  (       4      11      21      26      40      47)
          46    0.035865    0.092224  (       4      11      26      40      44      56)
          47    0.035865    0.092224  (       4      11      21      26      40      44)
          48    0.035876    0.079520  (       4      15      26      40      44      51)
          49    0.035876    0.079520  (       4      15      26      40      41      44)
          50    0.035930    0.079257  (       4      15      26      40      44      52)
          51    0.035930    0.079257  (       4      15      26      40      42      44)
          52    0.035938    0.085568  (       4      11      21      26      40      49)
          53    0.035938    0.085568  (       4      11      26      40      49      56)
          54    0.035960    0.085673  (       4      11      26      40      50      56)
          55    0.035960    0.085673  (       4      11      21      26      40      50)
          56    0.035964    0.080753  (       4      11      26      40      46      51)
          57    0.035964    0.080753  (       4      11      26      40      41      46)
          58    0.035970    0.081215  (       1       7      12      28      32      54)
          59    0.035976    0.081275  (       2       4      12      28      32      54)
          60    0.036002    0.080930  (       4      11      26      40      46      52)
          61    0.036002    0.080930  (       4      11      26      40      42      46)
          62    0.036015    0.078465  (       2       7      12      28      33      51)
          63    0.036015    0.078465  (       2       7      12      28      33      41)
          64    0.036023    0.083277  (       4      15      26      40      41      45)
          65    0.036023    0.083277  (       4      15      26      40      45      51)
          66    0.036027    0.078417  (       2       7      12      28      35      41)
          67    0.036027    0.078417  (       2       7      12      28      35      51)
          68    0.036043    0.085044  (       1       4      12      28      32      41)
          69    0.036043    0.085044  (       1       4      12      28      32      51)
          70    0.036074    0.083011  (       4      15      26      40      42      45)
          71    0.036074    0.083011  (       4      15      26      40      45      52)
          72    0.036087    0.082478  (       7      11      26      40      47      51)
          73    0.036087    0.082478  (       7      11      26      40      41      47)
          74    0.036092    0.082920  (       7      11      26      40      41      50)
          75    0.036092    0.082920  (       7      11      26      40      50      51)
          76    0.036104    0.082633  (       7      11      26      40      47      52)
          77    0.036104    0.082633  (       7      11      26      40      42      47)
          78    0.036104    0.078376  (       2       7      12      28      36      41)
          79    0.036104    0.078376  (       2       7      12      28      36      51)
          80    0.036105    0.081471  (       4      15      21      26      40      44)
          81    0.036105    0.081471  (       4      15      26      40      44      56)
          82    0.036107    0.083075  (       7      11      26      40      42      50)
          83    0.036107    0.083075  (       7      11      26      40      50      52)
          84    0.036126    0.078379  (       2       7      12      28      39      41)
          85    0.036126    0.078379  (       2       7      12      28      39      51)
          86    0.036140    0.079499  (       4      11      19      26      40      41)
          87    0.036140    0.079499  (       4      11      19      26      40      51)
          88    0.036163    0.079239  (       4      11      19      26      40      42)
          89    0.036163    0.079239  (       4      11      19      26      40      52)
          90    0.036189    0.082620  (       7      11      26      40      41      43)
          91    0.036189    0.082620  (       7      11      26      40      43      51)
          92    0.036190    0.080069  (       1       7      12      28      33      41)
          93    0.036190    0.080069  (       1       7      12      28      33      51)
          94    0.036199    0.080017  (       1       7      12      28      35      41)
          95    0.036199    0.080017  (       1       7      12      28      35      51)
          96    0.036206    0.082814  (       7      11      26      40      49      51)
          97    0.036206    0.082814  (       7      11      26      40      41      49)
          98    0.036207    0.082775  (       7      11      26      40      42      43)
          99    0.036207    0.082775  (       7      11      26      40      43      52)
         100    0.036222    0.079004  (       7      15      21      26      40      44)
