    0.48620E-01
    0.10920E-01
    0.37580E-01
    0.43270E-01
    0.16080E-01
    0.41988E-01
   -0.91442E-01
   -0.43300E-01
    0.13570E-01
    0.75210E-01
    0.98800E-02
    0.87220E-01
   -0.98510E-01
   -0.20611E+00
   -0.20130E-01
   -0.17310E-01
    0.79030E-01
    0.22840E-01
    0.45800E-01
    0.81700E-02
   -0.71540E-01
    0.58810E-01
    0.14910E-01
    0.75370E-01
   -0.40000E-04
   -0.88560E-01
    0.22190E-01
   -0.11400E-01
   -0.52140E-01
    0.37130E-01
   -0.20390E-01
   -0.79400E-01
    0.81600E-02
    0.30300E-02
   -0.32780E-01
   -0.16776E+00
    0.14950E+00
    0.49140E-01
    0.19500E-02
    0.62010E-01
   -0.97900E-02
   -0.11745E-01
