   -0.15980E-01
   -0.52528E-01
   -0.26616E-01
    0.25750E-01
    0.22930E-02
    0.22367E-01
    0.87050E-02
   -0.29100E-01
    0.15900E-02
    0.55020E-01
   -0.10310E-01
    0.68670E-01
   -0.10303E+00
   -0.47470E-01
    0.68810E-01
    0.22740E-01
    0.62970E-01
    0.32200E-02
    0.15390E-01
    0.32400E-02
   -0.56480E-01
    0.42240E-01
   -0.15800E-02
    0.58900E-01
    0.28300E-02
   -0.83260E-01
    0.24340E-01
   -0.70200E-02
   -0.49890E-01
    0.42280E-01
    0.27400E-02
   -0.49140E-01
   -0.35610E-01
   -0.13470E-01
    0.42200E-02
    0.14620E-01
    0.57660E-01
   -0.21230E-01
    0.64800E-02
    0.46740E-01
    0.13000E-03
   -0.61247E-01
