    0.50490E-01
    0.12540E-01
    0.39780E-01
    0.45430E-01
    0.18040E-01
    0.44298E-01
   -0.86643E-01
   -0.48400E-01
    0.25338E+00
    0.75580E-01
    0.98900E-02
    0.87990E-01
   -0.10292E+00
   -0.20652E+00
   -0.19610E-01
   -0.23280E-01
    0.82730E-01
   -0.16111E+00
    0.39480E-01
    0.44700E-02
   -0.71930E-01
    0.58360E-01
    0.13760E-01
    0.74950E-01
    0.13600E-02
   -0.87590E-01
    0.23680E-01
   -0.11550E-01
   -0.53320E-01
    0.37170E-01
   -0.21250E-01
   -0.85650E-01
    0.14700E-02
   -0.10400E-02
   -0.34760E-01
   -0.17350E+00
    0.14164E+00
    0.44480E-01
   -0.10800E-01
    0.62800E-01
   -0.15850E-01
   -0.80060E-02
