    0.11570E+00
    0.12391E+00
    0.55200E-01
    0.11343E+00
    0.13300E+00
    0.58920E-01
   -0.14957E+00
   -0.46739E+00
    0.31290E-01
    0.12819E+00
    0.10053E+00
    0.97680E-01
   -0.40670E-01
   -0.18349E+00
   -0.93250E-01
    0.62860E-01
   -0.17475E+00
   -0.13119E+00
    0.15641E+00
    0.94390E-01
   -0.14078E+00
    0.70860E-01
    0.55980E-01
    0.40810E-01
    0.47990E-01
    0.29500E-02
    0.17750E-01
    0.47200E-02
   -0.10590E-01
    0.56500E-02
   -0.58650E-01
   -0.49800E-01
    0.10151E+00
    0.70710E-01
   -0.66660E-01
   -0.21406E+00
    0.17641E+00
    0.30390E-01
   -0.77790E-01
   -0.21240E-01
    0.65080E-01
   -0.82473E-01
