    0.99390E-02
   -0.26601E-01
   -0.28050E-02
   -0.13244E-01
   -0.37490E-01
   -0.16266E-01
    0.12554E+00
   -0.39300E-01
    0.79100E-02
    0.62110E-01
   -0.27600E-02
    0.73580E-01
   -0.11217E+00
   -0.65460E-01
    0.56620E-01
   -0.51380E-01
    0.67890E-01
    0.14590E-01
    0.21060E-01
   -0.10850E-01
   -0.77190E-01
    0.52750E-01
    0.88000E-02
    0.69360E-01
   -0.21910E-01
   -0.10863E+00
   -0.18000E-03
   -0.12830E-01
   -0.54320E-01
    0.36050E-01
   -0.22400E-01
   -0.81160E-01
   -0.21280E-01
   -0.18500E-01
   -0.40230E-01
    0.33290E-01
    0.10246E+00
    0.11640E-01
    0.76500E-02
    0.64270E-01
   -0.10930E-01
    0.22381E-01
