   -0.35345E-01   -0.13294E+00   -0.13991E+01   -0.13991E+01    0.30991E-01   -0.13371E+00   -0.14930E+01   -0.25637E+03   -0.14930E+01   -0.14325E+01   -0.25786E+03
   -0.29153E-01   -0.13244E+00   -0.94653E+00   -0.94653E+00    0.22316E-01   -0.13296E+00   -0.14737E+01   -0.25637E+03   -0.14737E+01   -0.14325E+01   -0.25738E+03
    0.31720E-02   -0.13443E+00   -0.36245E+00    0.36245E+00    0.12885E-01   -0.14139E+00   -0.22519E+01   -0.11886E+04   -0.22519E+01   -0.16546E+01   -0.12502E+04
    0.37560E-01   -0.13983E+00   -0.28563E+00    0.28563E+00    0.13600E-01   -0.14911E+00   -0.24095E+01   -0.11886E+04   -0.24095E+01   -0.16546E+01   -0.12675E+04
   -0.26045E-01   -0.13151E+00   -0.44467E+00    0.44467E+00    0.12161E-01   -0.13725E+00   -0.21616E+01   -0.11886E+04   -0.21616E+01   -0.16546E+01   -0.12405E+04
    0.10415E+00   -0.11680E+00   -0.58707E-01   -0.58707E-01    0.66776E-02   -0.11442E+00    0.85674E+00   -0.96417E+03   -0.85674E+00    0.82016E+00   -0.94451E+03
   -0.20000E-03    0.31426E-01   -0.29270E+01   -0.29270E+01    0.47189E-02    0.33767E-01   -0.54254E+01   -0.52886E+03   -0.54254E+01   -0.53662E+01   -0.56827E+03
    0.78130E-01    0.92569E-01   -0.26266E+01   -0.26266E+01    0.26466E-02    0.95020E-01   -0.53882E+01   -0.52886E+03   -0.53882E+01   -0.53662E+01   -0.54286E+03
    0.88550E-01   -0.16446E+00   -0.15717E+01   -0.15717E+01    0.16062E-01   -0.16647E+00   -0.43255E+01   -0.35893E+03   -0.43255E+01   -0.42274E+01   -0.36331E+03
    0.37860E-01   -0.16359E+00   -0.18544E+01   -0.18544E+01    0.19988E-01   -0.16527E+00   -0.43100E+01   -0.35893E+03   -0.43100E+01   -0.42274E+01   -0.36261E+03
    0.81180E-01   -0.16217E+00   -0.12945E+01   -0.12945E+01    0.12961E-01   -0.16332E+00   -0.42844E+01   -0.35893E+03   -0.42844E+01   -0.42274E+01   -0.36146E+03
   -0.23240E-01   -0.12285E+01   -0.15846E+01   -0.15846E+01    0.84708E-02   -0.13116E+01   -0.61498E+01   -0.14461E+04   -0.61498E+01   -0.61149E+01   -0.15440E+04
   -0.40720E-01   -0.14908E+00   -0.47359E+02   -0.47359E+02    0.14621E+00   -0.15383E+00   -0.19414E+03   -0.12336E+04   -0.19414E+03   -0.18449E+03   -0.12729E+04
   -0.10857E+00   -0.15639E+00   -0.68983E+02   -0.68983E+02    0.24409E+00   -0.16370E+00   -0.19845E+03   -0.12336E+04   -0.19845E+03   -0.18449E+03   -0.12912E+04
   -0.14320E-01   -0.14743E+00   -0.46105E+02   -0.46105E+02    0.14193E+00   -0.15160E+00   -0.19311E+03   -0.12336E+04   -0.19311E+03   -0.18449E+03   -0.12685E+04
    0.59840E-01    0.66226E+00   -0.79075E+00   -0.79075E+00    0.86460E-02    0.60856E+00   -0.37037E+01    0.15741E+03   -0.37037E+01   -0.36513E+01    0.14464E+03
    0.14580E-01   -0.76457E+00   -0.56399E+01   -0.56399E+01    0.28172E-02   -0.84632E+00   -0.12827E+02   -0.41525E+03   -0.12827E+02   -0.12348E+02   -0.45965E+03
   -0.81600E-01   -0.37581E+01   -0.10537E+01   -0.10537E+01    0.72185E-02   -0.41172E+01   -0.24411E+01   -0.62441E+03   -0.24411E+01   -0.23806E+01   -0.68408E+03
   -0.31480E-01   -0.70843E+00   -0.75563E+00   -0.75563E+00    0.31388E-02   -0.72848E+00   -0.23997E+01   -0.62441E+03   -0.23997E+01   -0.23806E+01   -0.64209E+03
   -0.45550E-01   -0.20287E+01   -0.20437E+01   -0.20437E+01    0.14337E-01   -0.16230E+01   -0.48618E+01   -0.17764E+04   -0.48618E+01   -0.49406E+01   -0.14212E+04
    0.28500E-02   -0.18512E+01   -0.14531E+01   -0.14531E+01    0.51276E-02   -0.17845E+01   -0.49288E+01   -0.17764E+04   -0.49288E+01   -0.49406E+01   -0.17124E+04
   -0.57630E-01   -0.16961E+00   -0.29466E+01   -0.29466E+01    0.65215E-02   -0.17339E+00   -0.10026E+02   -0.94276E+03   -0.10026E+02   -0.97786E+01   -0.96372E+03
    0.44200E-01   -0.23365E+00   -0.20781E+01   -0.20781E+01    0.74597E-02   -0.24074E+00   -0.72980E+01   -0.88961E+03   -0.72980E+01   -0.71097E+01   -0.91661E+03
    0.60090E-01   -0.25399E+00   -0.24956E+01   -0.24956E+01    0.10155E-01   -0.26799E+00   -0.74438E+01   -0.88961E+03   -0.74438E+01   -0.71097E+01   -0.93867E+03
    0.52880E-01   -0.23374E+00   -0.20581E+01   -0.20581E+01    0.73501E-02   -0.24086E+00   -0.72986E+01   -0.88961E+03   -0.72986E+01   -0.71097E+01   -0.91671E+03
    0.57300E-02   -0.15600E+00   -0.32537E-01   -0.32537E-01    0.77789E-02   -0.16228E+00   -0.56565E+01   -0.11312E+04   -0.56565E+01   -0.51791E+01   -0.11767E+04
   -0.19570E-01   -0.16515E+00   -0.40569E+00   -0.40569E+00    0.96951E-02   -0.17465E+00   -0.58504E+01   -0.11312E+04   -0.58504E+01   -0.51791E+01   -0.11962E+04
    0.88900E-02   -0.15357E+00   -0.16777E-01    0.16777E-01    0.75558E-02   -0.15901E+00   -0.56011E+01   -0.11312E+04   -0.56011E+01   -0.51791E+01   -0.11712E+04
   -0.22540E-01   -0.21365E+00   -0.20655E+01   -0.20655E+01    0.78443E-02   -0.21847E+00   -0.66566E+01   -0.34862E+03   -0.66566E+01   -0.65110E+01   -0.35649E+03
    0.46700E-02   -0.22504E+00   -0.27494E+01   -0.27494E+01    0.13169E-01   -0.23412E+00   -0.67667E+01   -0.34862E+03   -0.67667E+01   -0.65110E+01   -0.36269E+03
    0.96100E-02   -0.21384E+00   -0.18972E+01   -0.18972E+01    0.69053E-02   -0.21874E+00   -0.66586E+01   -0.34862E+03   -0.66586E+01   -0.65110E+01   -0.35660E+03
    0.21800E-02   -0.20694E+00   -0.21037E+01   -0.21037E+01    0.75272E-02   -0.21146E+00   -0.59947E+01   -0.30401E+03   -0.59947E+01   -0.58731E+01   -0.31065E+03
    0.42130E-01   -0.10471E+01   -0.53429E+01   -0.53429E+01    0.48223E-01   -0.10358E+01   -0.16109E+02   -0.72137E+03   -0.16109E+02   -0.16128E+02   -0.71356E+03
   -0.91790E-01   -0.18722E+01   -0.23082E+01   -0.23082E+01    0.96792E-02   -0.15007E+01   -0.55126E+01   -0.45767E+04   -0.55126E+01   -0.55939E+01   -0.36687E+04
   -0.19360E-01   -0.17381E+01   -0.16679E+01   -0.16679E+01    0.31117E-02   -0.16817E+01   -0.55829E+01   -0.45767E+04   -0.55829E+01   -0.55939E+01   -0.44283E+04
   -0.26010E-01   -0.31432E+00   -0.13293E+01   -0.13293E+01    0.38219E-02   -0.31896E+00   -0.39283E+01   -0.40572E+03   -0.39283E+01   -0.38988E+01   -0.41171E+03
   -0.99190E-01   -0.76260E+00   -0.11717E+03   -0.11717E+03    0.36873E+00   -0.79497E+00   -0.30659E+03   -0.72124E+03   -0.30659E+03   -0.30497E+03   -0.75186E+03
    0.84000E-01   -0.19279E+01   -0.50295E+01   -0.50295E+01    0.10998E-01   -0.16576E+01   -0.98330E+01   -0.14972E+04   -0.98330E+01   -0.99138E+01   -0.12873E+04
   -0.64610E-01   -0.18450E+01   -0.38926E+01   -0.38926E+01    0.30210E-02   -0.17129E+01   -0.98756E+01   -0.14972E+04   -0.98756E+01   -0.99138E+01   -0.13900E+04
    0.16650E-01   -0.34941E-01   -0.23851E+01   -0.23851E+01    0.91856E-02   -0.38682E-01   -0.59168E+01   -0.11021E+04   -0.59168E+01   -0.57236E+01   -0.12200E+04
    0.11347E+00    0.75757E+01   -0.21104E+01   -0.21104E+01    0.31082E-01    0.10447E+02   -0.72747E+01    0.44247E+04   -0.72747E+01   -0.73069E+01    0.61016E+04
   -0.47750E-01   -0.13747E+00   -0.80732E-01   -0.80732E-01    0.42331E-02   -0.13821E+00    0.45988E+00   -0.16355E+04   -0.45988E+00    0.46738E+00   -0.16443E+04
   -0.67720E-01   -0.94145E+00   -0.37151E+02   -0.37151E+02    0.20870E+00   -0.10344E+01   -0.10686E+03   -0.92597E+03   -0.10686E+03   -0.10579E+03   -0.10174E+04
