    0.59450E-01
    0.22170E-01
    0.48540E-01
    0.46440E-01
    0.17040E-01
    0.46360E-01
   -0.83467E-01
    0.32600E-01
    0.82400E-02
    0.86210E-01
    0.98750E-01
   -0.82600E-01
   -0.55230E-01
   -0.20130E+00
   -0.12510E-01
   -0.96000E-03
    0.27260E-01
    0.44600E-02
   -0.14530E-01
    0.58180E-01
    0.24030E-01
   -0.62790E-01
    0.66850E-01
    0.18490E-01
    0.83380E-01
    0.43600E-02
   -0.87260E-01
    0.27470E-01
   -0.16700E-02
   -0.44720E-01
    0.46660E-01
   -0.10840E-01
    0.22130E-01
    0.19380E-01
   -0.24130E-01
   -0.15097E+00
    0.16519E+00
    0.65050E-01
   -0.99060E-01
   -0.26370E-01
    0.79400E-02
   -0.19870E-02
   -0.14623E+00
