    0.10235E+00
    0.10917E+00
    0.47220E-01
   -0.45565E-01
   -0.54860E-02
   -0.12106E+00
   -0.29724E-01
   -0.43434E+00
    0.14063E+00
    0.13328E+00
    0.11242E+00
   -0.12340E+00
    0.16470E-01
   -0.11912E+00
    0.13310E-01
   -0.14722E+00
    0.77310E-01
   -0.98140E-01
    0.31450E-01
    0.18946E+00
    0.72270E-01
   -0.52290E-01
    0.88490E-01
    0.60660E-01
    0.57380E-01
    0.28840E-01
   -0.20510E-01
   -0.62700E-02
    0.16660E-01
   -0.21000E-01
    0.22720E-01
   -0.44480E-01
    0.13456E+00
    0.84010E-01
   -0.35670E-01
   -0.25135E+00
    0.20946E+00
    0.10701E+00
   -0.44740E-01
    0.28110E-01
   -0.13483E+00
    0.84290E-01
   -0.23230E+00
