    0.17288E-01
   -0.20860E-01
    0.95300E-02
    0.59910E-01
    0.35170E-01
    0.57320E-01
   -0.25100E-01
    0.39800E-01
   -0.78830E-01
    0.51500E-01
    0.64540E-01
   -0.94300E-02
    0.22200E-02
   -0.14309E+00
    0.44030E-01
    0.50700E-02
    0.44550E-01
   -0.35430E-01
   -0.49750E-01
    0.83300E-02
   -0.67300E-02
   -0.25570E-01
    0.38730E-01
   -0.74600E-02
    0.55400E-01
    0.43160E-01
   -0.44670E-01
    0.64970E-01
   -0.44040E-01
   -0.88150E-01
    0.53800E-02
   -0.29930E-01
    0.94200E-02
    0.26490E-01
   -0.74440E-01
   -0.49280E-01
    0.11935E+00
    0.38380E-01
   -0.87760E-01
   -0.36100E-01
    0.81200E-01
   -0.24934E-01
   -0.40160E-01
