    0.61610E-01
    0.24560E-01
    0.50390E-01
    0.48120E-01
    0.18840E-01
    0.47940E-01
   -0.84011E-01
    0.13900E-01
    0.17311E+00
    0.89700E-01
    0.10190E+00
   -0.74710E-01
   -0.51870E-01
   -0.19725E+00
   -0.91900E-02
    0.83300E-02
    0.33890E-01
   -0.32808E+00
   -0.10520E-01
    0.67710E-01
    0.31400E-01
   -0.58640E-01
    0.71130E-01
    0.23270E-01
    0.87640E-01
    0.67600E-02
   -0.84550E-01
    0.29830E-01
    0.23400E-02
   -0.39880E-01
    0.50510E-01
   -0.62300E-02
    0.32020E-01
    0.27060E-01
   -0.18470E-01
   -0.14177E+00
    0.17641E+00
    0.73560E-01
   -0.10250E+00
   -0.22800E-01
    0.17360E-01
   -0.15300E-02
   -0.13725E+00
