    0.12304E-01
   -0.23102E-01
   -0.22340E-02
    0.61460E-01
    0.36540E-01
    0.58800E-01
   -0.14967E-01
    0.37800E-01
   -0.82930E-01
    0.32360E-01
   -0.24100E-02
    0.29200E-01
    0.23750E-01
   -0.58340E-01
    0.65000E-01
    0.23000E-02
    0.42070E-01
   -0.37430E-01
   -0.33340E-01
    0.16750E-01
   -0.93000E-02
    0.19300E-02
    0.50540E-01
    0.46700E-02
    0.67190E-01
   -0.24180E-01
   -0.67380E-01
   -0.21298E-01
   -0.29870E-01
   -0.70890E-01
    0.19330E-01
   -0.34200E-02
   -0.21330E-01
    0.21050E-01
   -0.40500E-01
   -0.63890E-01
    0.10564E+00
    0.31670E-01
   -0.81000E-01
   -0.32270E-01
    0.66970E-01
   -0.12899E-01
   -0.54310E-01
