    0.20492E+00
    0.15552E+00
    0.20952E+00
    0.21792E+00
    0.18242E+00
    0.22272E+00
    0.22426E+00
   -0.71818E+00
    0.24432E+00
    0.16202E+00
    0.27392E+00
    0.35250E-01
   -0.14575E+00
    0.80350E-01
    0.16290E-01
   -0.46314E+00
   -0.57340E-01
   -0.16970E+00
   -0.93600E-01
   -0.11790E-01
    0.10614E+00
    0.32540E-01
    0.12364E+00
    0.13705E+00
    0.30650E-01
    0.16255E+00
    0.58670E-01
   -0.26730E-01
    0.11547E+00
    0.19070E-01
    0.60920E-01
   -0.22460E+00
   -0.11410E+00
   -0.56330E-01
   -0.35987E+00
   -0.14543E+00
   -0.10653E+00
   -0.40974E+00
   -0.14034E+00
   -0.63000E-03
    0.24107E+00
   -0.73400E-01
