    0.21472E+00
    0.16532E+00
    0.21932E+00
    0.22772E+00
    0.19222E+00
    0.23252E+00
    0.23573E+00
   -0.71749E+00
    0.24501E+00
    0.16271E+00
    0.27461E+00
    0.39020E-01
   -0.14198E+00
    0.84120E-01
    0.12200E-02
   -0.46122E+00
   -0.55420E-01
   -0.15701E+00
   -0.80910E-01
   -0.73000E-02
    0.10887E+00
    0.35270E-01
    0.12637E+00
    0.14047E+00
    0.34070E-01
    0.16597E+00
    0.66430E-01
   -0.18970E-01
    0.12323E+00
    0.26830E-01
   -0.14886E+00
   -0.21191E+00
   -0.10141E+00
   -0.52530E-01
   -0.34560E+00
   -0.13767E+00
   -0.98770E-01
   -0.40782E+00
   -0.13842E+00
    0.13627E+00
    0.24883E+00
   -0.22360E+00
