    0.22983E+00
    0.18043E+00
    0.23443E+00
    0.24283E+00
    0.20733E+00
    0.24763E+00
    0.27606E+00
   -0.70349E+00
    0.12110E-01
    0.25901E+00
    0.17671E+00
    0.28861E+00
   -0.24050E-01
    0.29910E-01
   -0.15109E+00
    0.75010E-01
    0.83440E-01
    0.23080E-01
   -0.46482E+00
   -0.59020E-01
   -0.13208E+00
   -0.55980E-01
   -0.16520E-01
    0.10121E+00
    0.27610E-01
    0.13571E+00
    0.29310E-01
    0.57590E-01
   -0.27810E-01
    0.11439E+00
    0.17990E-01
   -0.52310E-01
   -0.18698E+00
   -0.76480E-01
   -0.61340E-01
   -0.31542E+00
   -0.14651E+00
   -0.10761E+00
   -0.41142E+00
   -0.14202E+00
   -0.24030E-01
    0.23999E+00
   -0.13128E+00
