    0.22561E+00
    0.17621E+00
    0.23021E+00
    0.23861E+00
    0.20311E+00
    0.24341E+00
    0.24462E+00
   -0.71234E+00
    0.32600E-02
    0.25016E+00
    0.16786E+00
    0.27976E+00
   -0.11119E+00
    0.49910E-01
   -0.13109E+00
    0.95010E-01
    0.48990E-01
    0.50400E-02
   -0.44968E+00
   -0.43880E-01
   -0.14680E+00
   -0.70700E-01
    0.34100E-02
    0.12017E+00
    0.46570E-01
    0.15197E+00
    0.45570E-01
    0.76700E-01
   -0.87000E-02
    0.13350E+00
    0.37100E-01
   -0.14923E+00
   -0.20170E+00
   -0.91200E-01
   -0.41490E-01
   -0.33581E+00
   -0.12740E+00
   -0.88500E-01
   -0.39628E+00
   -0.12688E+00
    0.11939E+00
    0.25910E+00
   -0.22230E+00
