    0.37860E-02    0.90445E+02   -0.44174E+01    0.31159E+04    0.19204E+03   -0.11480E+02    0.23551E+02   -0.10740E+02   -0.15465E+02    0.12313E+02    0.13313E+02
   -0.10020E-01    0.73449E+02   -0.35873E+01    0.25304E+04    0.16613E+03   -0.93231E+01    0.19126E+02   -0.10345E+02   -0.14896E+02    0.98112E+01    0.10811E+02
   -0.27987E-01    0.12793E+03   -0.62485E+01    0.44075E+04    0.23072E+03   -0.16239E+02    0.33314E+02   -0.11240E+02   -0.16186E+02    0.17831E+02    0.18831E+02
   -0.91000E-04    0.11606E+03   -0.38459E+01    0.81656E+04    0.43954E+03   -0.11135E+02    0.22138E+02   -0.12555E+02   -0.18079E+02    0.64359E+01    0.74359E+01
    0.11290E-01    0.11123E+03   -0.36856E+01    0.78252E+04    0.41644E+03   -0.10671E+02    0.21216E+02   -0.12411E+02   -0.17872E+02    0.61260E+01    0.71260E+01
   -0.40965E-01    0.12173E+03   -0.40337E+01    0.85643E+04    0.46570E+03   -0.11679E+02    0.23219E+02   -0.12709E+02   -0.18302E+02    0.67990E+01    0.77990E+01
   -0.28273E-01    0.19500E+00   -0.25684E+01    0.39346E+04    0.25970E+03   -0.23532E+01    0.26466E+00   -0.12327E+02   -0.18355E+02    0.54027E+01    0.64027E+01
    0.13100E-01   -0.38647E+01   -0.31361E+01   -0.76410E+03    0.56465E+03    0.40203E+01   -0.23590E+01   -0.14974E+02   -0.19167E+02   -0.41368E+01   -0.31368E+01
    0.39200E-02   -0.25623E+01   -0.20792E+01   -0.50661E+03    0.10068E+04    0.26655E+01   -0.15640E+01   -0.16816E+02   -0.21524E+02   -0.30797E+01   -0.20797E+01
    0.43680E-01    0.18303E+03   -0.62812E+01    0.66921E+04    0.30339E+03   -0.20347E+02    0.46320E+02   -0.13931E+02   -0.17832E+02    0.19939E+02    0.20939E+02
   -0.10030E-01    0.11101E+03   -0.38096E+01    0.40588E+04    0.24379E+03   -0.12341E+02    0.28093E+02   -0.13237E+02   -0.16943E+02    0.11700E+02    0.12700E+02
    0.38950E-01    0.50326E+03   -0.17271E+02    0.18400E+05    0.37597E+03   -0.55946E+02    0.12736E+03   -0.14612E+02   -0.18704E+02    0.56575E+02    0.57575E+02
   -0.42400E-02   -0.10403E+04    0.14630E+02   -0.47329E+05    0.33616E+03    0.90412E+02   -0.35447E+03   -0.15014E+02   -0.23872E+02   -0.93165E+02   -0.92165E+02
    0.41480E-01   -0.19258E+03    0.36064E+01   -0.14129E+05    0.11907E+04    0.16460E+02   -0.38559E+02   -0.17332E+02   -0.23485E+02   -0.12490E+02   -0.11490E+02
   -0.10050E+00   -0.92694E+03    0.17359E+02   -0.68005E+05    0.71323E+03    0.79226E+02   -0.18560E+03   -0.15764E+02   -0.21360E+02   -0.56305E+02   -0.55305E+02
    0.51900E-01   -0.18413E+03    0.34481E+01   -0.13509E+05    0.12266E+04    0.15738E+02   -0.36867E+02   -0.17423E+02   -0.23608E+02   -0.11986E+02   -0.10986E+02
   -0.34630E-01    0.18146E+02    0.13803E+01    0.88057E+03    0.17788E+03   -0.78997E+01    0.10829E+02   -0.94923E+01   -0.16498E+02    0.28218E+01    0.38218E+01
    0.48300E-01   -0.23952E+02   -0.18439E+01   -0.95478E+03    0.17103E+04    0.21067E+01   -0.68722E+01   -0.22921E+02   -0.29110E+02   -0.37626E+01   -0.27626E+01
   -0.44020E-01    0.83597E+01   -0.39688E+00    0.19099E+04    0.26554E+03   -0.15890E+02    0.47942E+01   -0.92304E+01   -0.12830E+02    0.64644E+01    0.74644E+01
    0.51790E-01   -0.26695E+02    0.12674E+01   -0.60989E+04    0.61067E+03    0.50744E+02   -0.15310E+02   -0.11200E+02   -0.15567E+02   -0.24836E+02   -0.23836E+02
   -0.22110E-01   -0.14514E+03   -0.77384E+01   -0.20557E+05    0.19950E+03    0.86414E+02   -0.76313E+02   -0.10872E+02   -0.15873E+02   -0.49304E+02   -0.48304E+02
    0.39600E-02   -0.63961E+01   -0.34102E+00   -0.90589E+03    0.55781E+03    0.38081E+01   -0.33630E+01   -0.13901E+02   -0.20295E+02   -0.31287E+01   -0.21287E+01
   -0.15010E-01   -0.25705E+03    0.36770E+01   -0.15430E+05    0.11029E+04    0.27212E+02   -0.55272E+02   -0.16432E+02   -0.22183E+02   -0.18808E+02   -0.17808E+02
    0.75250E-01   -0.27732E+02    0.13125E+01   -0.34314E+04    0.92641E+03    0.86972E+01   -0.85643E+01   -0.14397E+02   -0.19724E+02   -0.54606E+01   -0.44606E+01
    0.32480E-01   -0.37070E+02    0.17544E+01   -0.45868E+04    0.68056E+03    0.11626E+02   -0.11448E+02   -0.13544E+02   -0.18555E+02   -0.69626E+01   -0.59626E+01
    0.72560E-01    0.83548E+03   -0.25078E+02    0.57185E+05    0.88860E+03   -0.73893E+02    0.16920E+03   -0.15932E+02   -0.22066E+02    0.53647E+02    0.54647E+02
    0.78000E-02    0.33048E+03   -0.99198E+01    0.22620E+05    0.71298E+03   -0.29229E+02    0.66928E+02   -0.15280E+02   -0.21163E+02    0.20616E+02    0.21616E+02
   -0.20490E-01   -0.29913E+02    0.68159E+00   -0.15373E+04    0.71129E+03    0.10466E+02   -0.92448E+01   -0.12519E+02   -0.16776E+02   -0.60785E+01   -0.50785E+01
   -0.75400E-01   -0.55138E+02    0.12563E+01   -0.28336E+04    0.42368E+03    0.19291E+02   -0.17041E+02   -0.11254E+02   -0.15080E+02   -0.10361E+02   -0.93610E+01
    0.11050E-01   -0.26886E+02    0.61262E+00   -0.13817E+04    0.80801E+03    0.94066E+01   -0.83093E+01   -0.12831E+02   -0.17193E+02   -0.55646E+01   -0.45646E+01
   -0.51870E-01   -0.14271E+03    0.13028E+01   -0.44623E+04    0.53078E+03    0.29961E+02   -0.38553E+02   -0.12435E+02   -0.16663E+02   -0.18261E+02   -0.17261E+02
    0.21140E-01    0.19531E+03    0.15593E+00    0.39101E+04    0.12381E+03   -0.14212E+02    0.59955E+02   -0.10776E+02   -0.17457E+02    0.75260E+01    0.85260E+01
    0.13900E-02    0.27656E+03    0.58143E+01    0.57510E+05    0.32339E+03   -0.72894E+02    0.11821E+03   -0.14642E+02   -0.21377E+02    0.49844E+02    0.50844E+02
    0.60000E-01   -0.11764E+02   -0.24731E+00   -0.24462E+04    0.10059E+04    0.31006E+01   -0.50283E+01   -0.18728E+02   -0.27344E+02   -0.31627E+01   -0.21627E+01
   -0.79260E-01   -0.16969E+03   -0.37325E+00   -0.84382E+04    0.62543E+03    0.40064E+02   -0.55199E+02   -0.14087E+02   -0.19158E+02   -0.32065E+02   -0.31065E+02
   -0.61630E-01   -0.14599E+02   -0.87336E+00   -0.58387E+03    0.33731E+03    0.23290E+01   -0.51414E+01   -0.13374E+02   -0.19660E+02   -0.18299E+01   -0.82993E+00
    0.21440E-01   -0.34310E+01   -0.22205E+01   -0.55673E+03    0.40042E+03    0.28608E+01   -0.19812E+01   -0.13516E+02   -0.18111E+02   -0.21226E+01   -0.11226E+01
    0.19210E-01   -0.18511E+01   -0.11980E+01   -0.30036E+03    0.14577E+04    0.15434E+01   -0.10689E+01   -0.17501E+02   -0.23451E+02   -0.16057E+01   -0.60565E+00
   -0.88000E-02   -0.48023E+02    0.10165E+01   -0.73041E+04    0.43470E+03    0.12276E+02   -0.17928E+02   -0.14882E+02   -0.20686E+02   -0.10946E+02   -0.99455E+01
   -0.24510E-01   -0.15941E+02    0.33743E+00   -0.24246E+04    0.97267E+03    0.40751E+01   -0.59513E+01   -0.17602E+02   -0.24467E+02   -0.43014E+01   -0.33014E+01
    0.44060E-01    0.56539E+02   -0.24153E+01    0.22493E+04    0.11058E+03   -0.68939E+01    0.22981E+02   -0.97061E+01   -0.17471E+02    0.28261E+01    0.38261E+01
    0.12870E-01    0.13473E+00   -0.25309E+01    0.58762E+04    0.39688E+03   -0.22058E+01    0.20734E+00   -0.16205E+02   -0.21715E+02    0.51475E+01    0.61475E+01
   -0.31600E-01   -0.17132E+02   -0.27204E+00   -0.77247E+03    0.23293E+03    0.19442E+01   -0.62363E+01   -0.12991E+02   -0.20785E+02   -0.19038E+01   -0.90381E+00
