     Index  y_measurement      y_fitting   descriptor_1   descriptor_2   descriptor_3   descriptor_4   descriptor_5   descriptor_6
         1   -0.73000E-01   -0.83423E-01    0.44864E+00   -0.22292E+01    0.40735E-01   -0.20292E-03   -0.26811E-01   -0.15453E+01
         2   -0.12240E+00   -0.11630E+00    0.49274E+00   -0.19505E+01    0.20532E-03   -0.20095E-03   -0.30991E-01   -0.15453E+01
         3   -0.68400E-01   -0.48245E-01    0.38888E+00   -0.25078E+01    0.81596E-01   -0.19870E-03   -0.22316E-01   -0.15453E+01
         4   -0.60000E-01   -0.68821E-01    0.30164E+00   -0.29967E+01    0.25064E-01   -0.11116E-03   -0.12885E-01   -0.24916E+01
         5   -0.95500E-01   -0.10914E+00    0.33753E+00   -0.26221E+01    0.48482E-01   -0.12511E-03   -0.13600E-01   -0.24916E+01
         6   -0.55200E-01   -0.30343E-01    0.27589E+00   -0.33713E+01    0.16766E-01   -0.10409E-03   -0.12161E-01   -0.24916E+01
         7   -0.76900E-01   -0.96781E-01    0.10135E+01   -0.27402E+01    0.36571E+01   -0.85902E-05   -0.66776E-02   -0.24365E+00
         8   -0.10770E+01   -0.10867E+01    0.22091E+01   -0.50189E+00    0.22227E+02    0.22251E+02   -0.47189E-02   -0.86189E+00
         9   -0.36140E+00   -0.32698E+00    0.19613E+01   -0.75283E+00    0.97940E+01    0.56871E+03   -0.26466E-02   -0.86189E+00
        10   -0.11450E+00   -0.17544E+00    0.87422E+00   -0.21191E+01    0.14299E+00   -0.77076E-03   -0.16062E-01   -0.18569E+01
        11   -0.19680E+00   -0.20908E+00    0.93907E+00   -0.18542E+01    0.82501E-01   -0.75859E-03   -0.19988E-01   -0.18569E+01
        12   -0.84900E-01   -0.14167E+00    0.80902E+00   -0.23839E+01    0.18365E+00   -0.73908E-03   -0.12961E-01   -0.18569E+01
        13   -0.51090E+00   -0.47446E+00    0.18470E+01   -0.10996E+01    0.47684E+00    0.11935E-02   -0.84708E-02   -0.26187E+01
        14   -0.42970E+00   -0.40963E+00    0.10102E+01   -0.16745E+01    0.16864E+00   -0.73099E-03   -0.24409E+00   -0.21727E+01
        15   -0.20360E+00   -0.28272E+00    0.86616E+00   -0.21529E+01    0.22473E+00   -0.61238E-03   -0.14193E+00   -0.21727E+01
        16   -0.50170E+00   -0.55869E+00    0.20626E+01   -0.11361E+01    0.12614E+01    0.47261E-03   -0.86460E-02   -0.29939E+01
        17   -0.37490E+00   -0.42718E+00    0.17432E+01   -0.10275E+01    0.14203E+01   -0.20896E+01   -0.28172E-02   -0.18728E+01
        18   -0.74080E+00   -0.70549E+00    0.17503E+01   -0.90772E+00    0.21015E+01   -0.54954E+03   -0.72185E-02   -0.10846E+01
        19   -0.45320E+00   -0.45724E+00    0.21320E+01   -0.60475E+00    0.10417E+01    0.14546E-01   -0.14337E-01   -0.12533E+01
        20   -0.37710E+00   -0.38212E+00    0.17201E+01   -0.90712E+00    0.14961E+01    0.11053E-01   -0.51276E-02   -0.12533E+01
        21   -0.29730E+00   -0.25152E+00    0.10742E+01   -0.20183E+01    0.28480E+00   -0.12921E-02   -0.65215E-02   -0.23185E+01
        22   -0.17380E+00   -0.18770E+00    0.10955E+01   -0.19071E+01    0.69993E+00   -0.77008E-02   -0.74597E-02   -0.13103E+01
        23   -0.24740E+00   -0.22375E+00    0.11931E+01   -0.16687E+01    0.67725E+00   -0.98915E-02   -0.10155E-01   -0.13103E+01
        24   -0.15630E+00   -0.16549E+00    0.10919E+01   -0.21455E+01    0.70484E+00   -0.77094E-02   -0.73501E-02   -0.13103E+01
        25   -0.13960E+00   -0.16561E+00    0.62135E+00   -0.23519E+01    0.21036E+00   -0.45127E-03   -0.77789E-02   -0.24020E+01
        26   -0.24600E+00   -0.20252E+00    0.68532E+00   -0.20580E+01    0.21451E+00   -0.53542E-03   -0.96951E-02   -0.24020E+01
        27   -0.11410E+00   -0.13678E+00    0.60991E+00   -0.26459E+01    0.20232E+00   -0.43050E-03   -0.75558E-02   -0.24020E+01
        28   -0.22910E+00   -0.17783E+00    0.10589E+01   -0.20346E+01    0.64684E+00   -0.41208E-02   -0.78443E-02   -0.14013E+01
        29   -0.31450E+00   -0.22255E+00    0.12182E+01   -0.17803E+01    0.53416E+00   -0.48156E-02   -0.13169E-01   -0.14013E+01
        30   -0.17230E+00   -0.15097E+00    0.10275E+01   -0.22889E+01    0.68710E+00   -0.41321E-02   -0.69053E-02   -0.14013E+01
        31   -0.26870E+00   -0.22489E+00    0.11849E+01   -0.21396E+01    0.41765E+00   -0.35664E-02   -0.75272E-02   -0.19248E+01
        32   -0.57740E+00   -0.55350E+00    0.21574E+01   -0.11505E+01    0.11898E+00    0.18549E-02   -0.48223E-01   -0.29241E+01
        33   -0.50810E+00   -0.49468E+00    0.22041E+01   -0.50385E+00    0.81969E+00    0.38976E-02   -0.96792E-02   -0.15694E+01
        34   -0.39760E+00   -0.42315E+00    0.17815E+01   -0.75578E+00    0.12339E+01    0.31187E-02   -0.31117E-02   -0.15694E+01
        35   -0.33830E+00   -0.30069E+00    0.14078E+01   -0.17131E+01    0.73394E+00   -0.97053E-01   -0.38219E-02   -0.19136E+01
        36   -0.64700E+00   -0.63288E+00    0.20426E+01   -0.11513E+01    0.53062E+00    0.13274E-01   -0.36873E+00   -0.15532E+01
        37   -0.43320E+00   -0.48950E+00    0.24111E+01   -0.48184E+00    0.16089E+01    0.45451E-01   -0.10998E-01   -0.89215E+00
        38   -0.39430E+00   -0.41398E+00    0.18911E+01   -0.72276E+00    0.23136E+01    0.39836E-01   -0.30210E-02   -0.89215E+00
        39   -0.68740E+00   -0.66120E+00    0.17560E+01   -0.64594E+00    0.91450E+01    0.80550E+00   -0.91856E-02   -0.13492E+01
        40   -0.41800E+00   -0.43833E+00    0.14749E+01   -0.96891E+00    0.43519E+01    0.40513E+01   -0.41051E-02   -0.13492E+01
        41   -0.49870E+00   -0.50726E+00    0.21666E+01   -0.10612E+01    0.37117E+00    0.16303E-02   -0.31082E-01   -0.23382E+01
        42   -0.46700E-01   -0.68468E-01    0.45477E+00   -0.26164E+01    0.48780E+01   -0.98681E-05   -0.42331E-02   -0.23683E+00
