        Rank     LS_RMSE    LS_MaxAE  Feature_ID
           1    0.041302    0.098618  (       9      11      21      31      41)
           2    0.041732    0.095785  (       9      11      21      31      42)
           3    0.041741    0.098067  (       9      11      21      31      43)
           4    0.041809    0.098781  (       9      11      22      31      41)
           5    0.041890    0.091760  (       9      11      24      31      42)
           6    0.041918    0.098667  (       9      11      23      31      41)
           7    0.041928    0.095211  (       9      11      21      31      48)
           8    0.041929    0.093304  (       9      11      21      31      45)
           9    0.041930    0.101776  (       9      11      21      31      44)
          10    0.041949    0.092448  (       9      11      21      31      47)
          11    0.041991    0.096413  (       9      11      22      31      42)
          12    0.042077    0.096355  (       9      11      23      31      42)
          13    0.042175    0.090336  (       9      11      21      31      50)
          14    0.042222    0.090341  (       9      11      22      31      45)
          15    0.042223    0.098312  (       9      11      22      31      43)
          16    0.042234    0.086565  (       9      11      24      31      50)
          17    0.042249    0.089465  (       9      11      22      31      47)
          18    0.042260    0.089870  (       9      11      24      31      45)
          19    0.042271    0.092961  (       9      11      26      31      42)
          20    0.042276    0.089021  (       9      11      24      31      47)
          21    0.042277    0.092289  (       9      11      30      31      42)
          22    0.042279    0.093638  (       9      11      21      31      46)
          23    0.042284    0.089923  (       9      11      24      31      46)
          24    0.042307    0.090123  (       9      11      23      31      45)
          25    0.042314    0.099734  (       9      11      21      31      49)
          26    0.042323    0.099241  (       9      11      22      31      44)
          27    0.042327    0.098207  (       9      11      23      31      43)
          28    0.042333    0.089243  (       9      11      23      31      47)
          29    0.042346    0.090936  (       9      11      22      31      50)
          30    0.042367    0.094033  (       9      11      29      31      44)
          31    0.042386    0.094397  (       9      11      26      31      41)
          32    0.042396    0.094324  (       9      11      22      31      48)
          33    0.042416    0.094979  (       9      11      25      31      41)
          34    0.042423    0.096408  (       9      11      26      31      44)
          35    0.042429    0.088059  (       9      11      26      31      50)
          36    0.042436    0.090870  (       9      11      23      31      50)
          37    0.042448    0.099077  (       9      11      23      31      44)
          38    0.042448    0.092139  (       9      11      24      31      41)
          39    0.042458    0.093189  (       9      11      25      31      42)
          40    0.042462    0.093871  (       9      11      26      31      49)
          41    0.042465    0.089254  (       9      11      29      31      49)
          42    0.042477    0.098495  (       9      11      24      31      44)
          43    0.042511    0.094201  (       9      11      23      31      48)
          44    0.042511    0.094329  (       9      11      22      31      46)
          45    0.042515    0.088190  (       9      11      26      31      45)
          46    0.042558    0.087395  (       9      11      26      31      47)
          47    0.042573    0.096110  (       9      11      25      31      44)
          48    0.042581    0.096931  (       9      11      22      31      49)
          49    0.042594    0.094275  (       9      11      23      31      46)
          50    0.042612    0.087024  (       9      11      30      31      50)
          51    0.042624    0.093611  (       9      11      25      31      49)
          52    0.042632    0.088296  (       9      11      25      31      50)
          53    0.042643    0.094964  (       9      11      29      31      41)
          54    0.042652    0.087801  (       9      11      30      31      45)
          55    0.042660    0.087940  (       9      11      25      31      45)
          56    0.042665    0.096273  (       9      11      24      31      49)
          57    0.042665    0.093629  (       9      11      27      31      44)
          58    0.042666    0.090456  (       9      11      30      31      46)
          59    0.042667    0.089096  (       9      11      27      31      49)
          60    0.042668    0.086932  (       9      11      30      31      47)
          61    0.042682    0.090756  (       9      11      26      31      48)
          62    0.042699    0.096766  (       9      11      23      31      49)
          63    0.042704    0.087152  (       9      11      25      31      47)
          64    0.042706    0.091032  (       9      11      26      31      46)
          65    0.042740    0.093998  (       9      11      26      31      43)
          66    0.042748    0.092669  (       9      11      24      31      48)
          67    0.042768    0.094584  (       9      11      25      31      43)
          68    0.042769    0.091196  (       9      11      25      31      48)
          69    0.042800    0.091710  (       9      11      24      31      43)
          70    0.042859    0.091527  (       9      11      29      31      48)
          71    0.042863    0.094701  (       9      11      27      31      41)
          72    0.042905    0.092747  (       9      11      29      31      42)
          73    0.042912    0.094737  (       9      11      29      31      43)
          74    0.042916    0.091210  (       9      11      25      31      46)
          75    0.042926    0.092524  (       9      11      30      31      41)
          76    0.042982    0.101953  (       9      19      20      30      31)
          77    0.043005    0.088170  (       9      11      29      31      50)
          78    0.043007    0.096767  (       9      11      30      31      44)
          79    0.043032    0.092715  (       9      11      27      31      42)
          80    0.043092    0.097306  (       9      11      28      31      41)
          81    0.043092    0.091264  (       9      11      27      31      48)
          82    0.043105    0.088194  (       9      11      27      31      50)
          83    0.043116    0.086495  (       9      11      29      31      45)
          84    0.043147    0.094457  (       9      11      30      31      49)
          85    0.043148    0.094420  (       9      11      27      31      43)
          86    0.043161    0.098897  (       9      11      21      39      41)
          87    0.043168    0.101647  (       9      11      28      31      44)
          88    0.043199    0.086004  (       9      11      29      31      47)
          89    0.043217    0.099191  (       9      11      28      31      49)
          90    0.043243    0.095477  (       9      11      28      31      48)
          91    0.043254    0.090831  (       9      11      30      31      48)
          92    0.043261    0.092149  (       9      11      30      31      43)
          93    0.043320    0.086336  (       9      11      27      31      45)
          94    0.043380    0.090701  (       9      11      29      31      46)
          95    0.043399    0.085853  (       9      11      27      31      47)
          96    0.043441    0.096825  (       9      11      28      31      43)
          97    0.043479    0.095342  (       9      11      21      39      50)
          98    0.043488    0.100846  (       9      11      21      39      45)
          99    0.043495    0.099880  (       9      11      21      39      47)
         100    0.043501    0.094650  (       9      11      28      31      42)
