        Rank     LS_RMSE    LS_MaxAE  Feature_ID
           1    0.056587    0.145557  (       9      11      21)
           2    0.057362    0.142298  (       9      11      24)
           3    0.057414    0.131599  (       9      11      29)
           4    0.057449    0.143723  (       9      11      22)
           5    0.057547    0.143541  (       9      11      23)
           6    0.057603    0.145396  (       9      11      28)
           7    0.057612    0.132465  (       9      11      27)
           8    0.057686    0.133453  (       9      20      27)
           9    0.057746    0.140794  (       9      11      26)
          10    0.057759    0.140295  (       9      11      25)
          11    0.057943    0.140731  (       9      11      30)
          12    0.058614    0.153109  (       9      20      23)
          13    0.058789    0.153489  (       9      20      22)
          14    0.058854    0.149555  (       9      20      30)
          15    0.058974    0.129704  (       9      20      29)
          16    0.059570    0.139670  (       9      18      27)
          17    0.059693    0.149474  (       9      20      25)
          18    0.059801    0.150317  (       9      20      26)
          19    0.060372    0.162206  (       9      14      30)
          20    0.060507    0.158389  (       9      18      23)
          21    0.060677    0.158743  (       9      18      22)
          22    0.060721    0.149983  (       9      14      27)
          23    0.060901    0.153345  (       9      20      24)
          24    0.061000    0.164667  (       9      14      23)
          25    0.061041    0.146550  (       9      14      29)
          26    0.061056    0.136297  (       9      18      29)
          27    0.061163    0.155505  (       9      18      30)
          28    0.061271    0.164983  (       9      14      22)
          29    0.061573    0.155195  (       9      18      25)
          30    0.061746    0.156059  (       9      18      26)
          31    0.062054    0.162444  (       9      14      25)
          32    0.062229    0.145598  (       9      17      27)
          33    0.062305    0.163209  (       9      14      26)
          34    0.062408    0.158600  (       9      20      21)
          35    0.062588    0.165318  (       9      14      24)
          36    0.062599    0.162122  (       9      17      23)
          37    0.062725    0.159205  (       1      18      27)
          38    0.062748    0.162434  (       9      17      22)
          39    0.062932    0.168055  (       1      20      30)
          40    0.062994    0.151320  (       1      20      27)
          41    0.063096    0.175724  (       1      18      30)
          42    0.063230    0.159164  (       9      18      24)
          43    0.063371    0.170587  (       1      20      23)
          44    0.063402    0.177423  (       1      18      23)
          45    0.063505    0.171001  (       1      20      22)
          46    0.063505    0.162207  (       3      18      27)
          47    0.063511    0.156082  (       1      18      29)
          48    0.063543    0.177797  (       1      18      22)
          49    0.063616    0.153970  (       3      20      27)
          50    0.063621    0.147879  (       1      20      29)
          51    0.063806    0.162978  (       1      11      21)
          52    0.063821    0.159944  (       9      17      30)
          53    0.063872    0.142868  (       9      17      29)
          54    0.063910    0.179416  (       9      12      14)
          55    0.063992    0.170649  (       3      20      30)
          56    0.064047    0.189778  (       9      13      14)
          57    0.064089    0.165475  (       3      11      21)
          58    0.064090    0.159603  (       9      17      25)
          59    0.064168    0.174808  (       1      18      25)
          60    0.064216    0.175860  (       1      18      26)
          61    0.064249    0.173220  (       3      20      23)
          62    0.064256    0.150486  (       3      20      29)
          63    0.064279    0.160400  (       9      17      26)
          64    0.064307    0.159045  (       3      18      29)
          65    0.064313    0.167364  (       1      20      25)
          66    0.064317    0.168394  (       1      20      26)
          67    0.064333    0.178671  (       3      18      30)
          68    0.064383    0.173638  (       3      20      22)
          69    0.064433    0.180380  (       3      18      23)
          70    0.064436    0.160240  (       1      11      24)
          71    0.064455    0.169188  (       9      14      21)
          72    0.064459    0.172307  (       1      20      24)
          73    0.064551    0.163940  (       9      18      21)
          74    0.064572    0.180758  (       3      18      22)
          75    0.064713    0.179819  (       1      18      24)
          76    0.064773    0.162519  (       3      11      24)
          77    0.064850    0.198144  (       9      14      15)
          78    0.064860    0.164109  (       1      17      27)
          79    0.064873    0.160654  (       1      11      22)
          80    0.064973    0.160542  (       1      11      23)
          81    0.064987    0.159707  (       2      20      23)
          82    0.065072    0.180363  (       1      17      23)
          83    0.065096    0.159383  (       2      20      22)
          84    0.065122    0.161169  (       1      11      30)
          85    0.065124    0.162093  (       1      11      29)
          86    0.065125    0.163150  (       3      11      22)
          87    0.065147    0.163731  (       3      11      29)
          88    0.065148    0.179792  (       1      14      30)
          89    0.065191    0.170018  (       3      20      25)
          90    0.065198    0.180699  (       1      17      22)
          91    0.065211    0.177812  (       3      18      25)
          92    0.065223    0.171061  (       3      20      26)
          93    0.065226    0.162937  (       3      11      23)
          94    0.065255    0.170254  (       2      11      21)
          95    0.065288    0.178877  (       3      18      26)
          96    0.065298    0.162590  (       1      11      26)
          97    0.065352    0.162559  (       1      11      25)
          98    0.065382    0.162582  (       1      11      28)
          99    0.065424    0.179260  (       1      17      30)
         100    0.065440    0.162989  (       3      11      30)
