        Rank     LS_RMSE    LS_MaxAE  Feature_ID
           1    0.036185    0.097534  (       9      11      21      31      41      51)
           2    0.036309    0.096351  (       9      11      21      31      41      52)
           3    0.036608    0.099283  (       9      11      21      31      41      53)
           4    0.036630    0.098343  (       9      11      22      31      41      51)
           5    0.036638    0.097721  (       9      11      21      31      43      51)
           6    0.036759    0.078525  (       9      11      21      31      42      51)
           7    0.036762    0.097134  (       9      11      22      31      41      52)
           8    0.036763    0.098405  (       9      11      23      31      41      51)
           9    0.036763    0.096531  (       9      11      21      31      43      52)
          10    0.036894    0.078309  (       9      11      21      31      42      52)
          11    0.036895    0.097196  (       9      11      23      31      41      52)
          12    0.036899    0.078444  (       9      11      22      31      42      51)
          13    0.036988    0.094184  (       9      11      21      31      48      51)
          14    0.037001    0.078478  (       9      11      23      31      42      51)
          15    0.037032    0.099522  (       9      11      21      31      43      53)
          16    0.037042    0.077201  (       9      11      22      31      42      52)
          17    0.037048    0.098503  (       9      11      22      31      43      51)
          18    0.037111    0.099992  (       9      11      22      31      41      53)
          19    0.037124    0.092988  (       9      11      21      31      48      52)
          20    0.037144    0.077234  (       9      11      23      31      42      52)
          21    0.037158    0.094663  (       9      11      21      31      44      51)
          22    0.037175    0.098562  (       9      11      23      31      43      51)
          23    0.037182    0.097286  (       9      11      22      31      43      52)
          24    0.037223    0.080323  (       9      11      21      31      42      53)
          25    0.037248    0.100038  (       9      11      23      31      41      53)
          26    0.037263    0.097452  (       9      11      21      31      49      51)
          27    0.037292    0.093482  (       9      11      21      31      44      52)
          28    0.037309    0.097345  (       9      11      23      31      43      52)
          29    0.037373    0.080721  (       9      11      21      31      46      51)
          30    0.037382    0.087965  (       9      11      21      31      41      54)
          31    0.037385    0.094855  (       9      11      22      31      48      51)
          32    0.037396    0.098067  (       9      11      22      31      49      51)
          33    0.037408    0.096236  (       9      11      21      31      49      52)
          34    0.037430    0.080159  (       9      11      22      31      42      53)
          35    0.037447    0.095869  (       9      11      21      31      48      53)
          36    0.037467    0.095285  (       9      11      22      31      44      51)
          37    0.037474    0.080594  (       9      11      22      31      46      51)
          38    0.037501    0.100206  (       9      11      22      31      43      53)
          39    0.037515    0.079508  (       9      11      21      31      46      52)
          40    0.037524    0.094926  (       9      11      23      31      48      51)
          41    0.037529    0.093633  (       9      11      22      31      48      52)
          42    0.037536    0.080177  (       9      11      23      31      42      53)
          43    0.037540    0.098132  (       9      11      23      31      49      51)
          44    0.037552    0.096822  (       9      11      22      31      49      52)
          45    0.037561    0.096589  (       9      11      21      31      45      51)
          46    0.037572    0.080625  (       9      11      23      31      46      51)
          47    0.037593    0.093933  (       9      11      21      31      50      51)
          48    0.037604    0.096299  (       9      11      21      31      44      53)
          49    0.037609    0.094078  (       9      11      22      31      44      52)
          50    0.037617    0.095361  (       9      11      23      31      44      51)
          51    0.037625    0.079352  (       9      11      22      31      46      52)
          52    0.037630    0.096364  (       9      11      21      31      47      51)
          53    0.037632    0.100250  (       9      11      23      31      43      53)
          54    0.037643    0.094310  (       9      11      22      31      50      51)
          55    0.037668    0.093703  (       9      11      23      31      48      52)
          56    0.037674    0.095464  (       9      11      21      31      45      52)
          57    0.037695    0.096887  (       9      11      23      31      49      52)
          58    0.037723    0.092766  (       9      11      21      31      50      52)
          59    0.037723    0.079383  (       9      11      23      31      46      52)
          60    0.037739    0.081135  (       9      11      24      31      42      51)
          61    0.037743    0.095242  (       9      11      21      31      47      52)
          62    0.037749    0.094354  (       9      11      23      31      50      51)
          63    0.037759    0.094154  (       9      11      23      31      44      52)
          64    0.037767    0.097192  (       9      11      22      31      45      51)
          65    0.037781    0.093116  (       9      11      22      31      50      52)
          66    0.037805    0.082522  (       9      11      21      31      46      53)
          67    0.037808    0.096806  (       9      11      21      31      41      55)
          68    0.037814    0.088134  (       9      11      21      31      43      54)
          69    0.037836    0.091188  (       9      11      21      31      41      56)
          70    0.037836    0.091188  (       9      11      21      31      41      57)
          71    0.037847    0.080023  (       9      11      24      31      42      52)
          72    0.037848    0.096961  (       9      11      22      31      47      51)
          73    0.037867    0.097238  (       9      11      23      31      45      51)
          74    0.037887    0.093160  (       9      11      23      31      50      52)
          75    0.037887    0.096042  (       9      11      22      31      45      52)
          76    0.037901    0.096444  (       9      11      22      31      48      53)
          77    0.037902    0.088597  (       9      11      22      31      41      54)
          78    0.037933    0.098880  (       9      11      21      31      49      53)
          79    0.037945    0.097007  (       9      11      23      31      47      51)
          80    0.037968    0.095815  (       9      11      22      31      47      52)
          81    0.037969    0.083068  (       9      11      24      31      42      53)
          82    0.037972    0.096822  (       9      11      22      31      44      53)
          83    0.037973    0.082315  (       9      11      22      31      46      53)
          84    0.037987    0.096088  (       9      11      23      31      45      52)
          85    0.037994    0.097578  (       9      11      29      31      49      51)
          86    0.037999    0.087237  (       9      11      21      31      41      58)
          87    0.038007    0.085603  (       9      11      21      31      41      59)
          88    0.038011    0.085085  (       9      11      21      31      48      54)
          89    0.038031    0.088663  (       9      11      23      31      41      54)
          90    0.038035    0.080865  (       9      11      30      31      42      51)
          91    0.038043    0.096499  (       9      11      23      31      48      53)
          92    0.038044    0.098005  (       9      11      21      31      45      53)
          93    0.038065    0.095859  (       9      11      23      31      47      52)
          94    0.038075    0.082331  (       9      11      23      31      46      53)
          95    0.038076    0.092216  (       9      11      21      31      41      60)
          96    0.038081    0.080238  (       9      11      26      31      42      51)
          97    0.038101    0.097781  (       9      11      21      31      47      53)
          98    0.038117    0.098970  (       9      11      26      31      49      51)
          99    0.038120    0.096430  (       9      11      29      31      49      52)
         100    0.038124    0.080799  (       9      11      21      31      42      54)
