        Rank     LS_RMSE    LS_MaxAE  Feature_ID
           1    0.046938    0.118380  (       9      11      21      31)
           2    0.047122    0.114302  (       9      11      24      31)
           3    0.047403    0.112582  (       9      11      26      31)
           4    0.047424    0.101775  (       9      11      29      31)
           5    0.047472    0.112148  (       9      11      25      31)
           6    0.047518    0.103683  (       9      11      27      31)
           7    0.047631    0.116182  (       9      11      22      31)
           8    0.047677    0.117671  (       9      11      28      31)
           9    0.047687    0.112571  (       9      11      30      31)
          10    0.047714    0.115961  (       9      11      23      31)
          11    0.048833    0.127302  (       9      11      21      39)
          12    0.048954    0.128065  (       9      11      21      34)
          13    0.048959    0.128715  (       9      11      21      32)
          14    0.048962    0.129288  (       9      11      21      33)
          15    0.048966    0.128033  (       9      11      21      35)
          16    0.049030    0.128471  (       9      11      21      36)
          17    0.049042    0.128440  (       9      11      21      37)
          18    0.049134    0.128815  (       9      11      21      38)
          19    0.049181    0.128529  (       9      11      21      40)
          20    0.049202    0.124866  (       9      11      24      32)
          21    0.049255    0.125503  (       9      11      24      33)
          22    0.049286    0.123611  (       9      11      24      39)
          23    0.049304    0.124289  (       9      11      24      34)
          24    0.049307    0.124247  (       9      11      24      35)
          25    0.049373    0.124696  (       9      11      24      36)
          26    0.049375    0.124655  (       9      11      24      37)
          27    0.049417    0.108648  (       9      11      29      39)
          28    0.049426    0.125004  (       9      11      24      38)
          29    0.049480    0.110609  (       9      11      29      33)
          30    0.049496    0.110063  (       9      11      29      32)
          31    0.049497    0.124715  (       9      11      24      40)
          32    0.049536    0.109433  (       9      11      29      34)
          33    0.049544    0.111822  (       9      11      27      39)
          34    0.049551    0.109404  (       9      11      29      35)
          35    0.049616    0.123319  (       9      11      26      32)
          36    0.049617    0.109849  (       9      11      29      36)
          37    0.049618    0.113809  (       9      11      27      33)
          38    0.049621    0.125272  (       9      11      22      39)
          39    0.049626    0.121989  (       9      11      26      39)
          40    0.049629    0.113249  (       9      11      27      32)
          41    0.049631    0.109821  (       9      11      29      37)
          42    0.049634    0.123925  (       9      11      26      33)
          43    0.049659    0.121505  (       9      11      25      39)
          44    0.049665    0.112610  (       9      11      27      34)
          45    0.049680    0.112581  (       9      11      27      35)
          46    0.049682    0.122866  (       9      11      25      32)
          47    0.049691    0.122716  (       9      11      26      34)
          48    0.049691    0.123461  (       9      11      25      33)
          49    0.049701    0.122680  (       9      11      26      35)
          50    0.049708    0.125064  (       9      11      23      39)
          51    0.049713    0.110225  (       9      11      29      38)
          52    0.049726    0.126685  (       9      11      22      32)
          53    0.049734    0.127269  (       9      11      22      33)
          54    0.049735    0.126037  (       9      11      22      34)
          55    0.049740    0.122248  (       9      11      25      34)
          56    0.049747    0.113031  (       9      11      27      36)
          57    0.049748    0.126005  (       9      11      22      35)
          58    0.049752    0.122215  (       9      11      25      35)
          59    0.049762    0.113002  (       9      11      27      37)
          60    0.049764    0.109870  (       9      11      29      40)
          61    0.049767    0.123132  (       9      11      26      36)
          62    0.049777    0.126920  (       9      11      28      39)
          63    0.049777    0.123097  (       9      11      26      37)
          64    0.049792    0.123202  (       9      11      30      32)
          65    0.049801    0.128843  (       9      11      28      33)
          66    0.049809    0.128269  (       9      11      28      32)
          67    0.049812    0.126449  (       9      11      22      36)
          68    0.049813    0.126480  (       9      11      23      32)
          69    0.049817    0.122665  (       9      11      25      36)
          70    0.049821    0.127065  (       9      11      23      33)
          71    0.049822    0.125830  (       9      11      23      34)
          72    0.049825    0.126417  (       9      11      22      37)
          73    0.049827    0.123448  (       9      11      26      38)
          74    0.049829    0.122632  (       9      11      25      37)
          75    0.049835    0.125798  (       9      11      23      35)
          76    0.049844    0.113403  (       9      11      27      38)
          77    0.049845    0.123842  (       9      11      30      33)
          78    0.049845    0.127642  (       9      11      28      34)
          79    0.049860    0.127613  (       9      11      28      35)
          80    0.049861    0.121931  (       9      11      30      39)
          81    0.049883    0.122988  (       9      11      25      38)
          82    0.049889    0.122619  (       9      11      30      34)
          83    0.049892    0.123147  (       9      11      26      40)
          84    0.049893    0.122577  (       9      11      30      35)
          85    0.049899    0.126243  (       9      11      23      36)
          86    0.049905    0.126788  (       9      11      22      38)
          87    0.049906    0.113070  (       9      11      27      40)
          88    0.049912    0.126211  (       9      11      23      37)
          89    0.049919    0.128052  (       9      11      28      36)
          90    0.049934    0.128023  (       9      11      28      37)
          91    0.049945    0.122682  (       9      11      25      40)
          92    0.049958    0.123029  (       9      11      30      36)
          93    0.049962    0.122988  (       9      11      30      37)
          94    0.049964    0.128347  (       9      11      28      38)
          95    0.049967    0.126506  (       9      11      22      40)
          96    0.049992    0.126583  (       9      11      23      38)
          97    0.050013    0.123341  (       9      11      30      38)
          98    0.050042    0.128081  (       9      11      28      40)
          99    0.050055    0.126300  (       9      11      23      40)
         100    0.050089    0.123050  (       9      11      30      40)
