        Rank     LS_RMSE    LS_MaxAE  Feature_ID
           1    0.120302    0.480658  (       1)
           2    0.120629    0.486973  (       2)
           3    0.121908    0.486138  (       3)
           4    0.121985    0.464070  (       4)
           5    0.122741    0.466346  (       5)
           6    0.122785    0.493025  (       6)
           7    0.122938    0.413870  (       7)
           8    0.123011    0.505118  (       8)
           9    0.123072    0.532180  (       9)
          10    0.123523    0.391379  (      10)
