        Rank     LS_RMSE    LS_MaxAE  Feature_ID
           1    0.072518    0.240738  (       9      11)
           2    0.079357    0.257250  (       1      11)
           3    0.079796    0.258883  (       3      11)
           4    0.080296    0.257218  (       2      11)
           5    0.080317    0.237657  (       9      16)
           6    0.081518    0.348457  (       9      14)
           7    0.081535    0.258156  (       6      11)
           8    0.082354    0.236276  (       7      15)
           9    0.083200    0.239408  (       7      13)
          10    0.083920    0.328528  (       6      15)
          11    0.083923    0.318729  (       3      12)
          12    0.084148    0.330554  (       2      15)
          13    0.084206    0.319646  (       1      12)
          14    0.084532    0.324899  (       3      13)
          15    0.084718    0.364505  (       9      12)
          16    0.084752    0.331086  (       2      13)
          17    0.084938    0.330050  (       6      13)
          18    0.085194    0.245787  (       1      16)
          19    0.085232    0.216746  (      10      15)
          20    0.085307    0.243040  (       7      12)
          21    0.085419    0.368686  (       9      17)
          22    0.085428    0.327271  (       1      13)
          23    0.085672    0.372983  (       9      13)
          24    0.085799    0.247187  (       3      16)
          25    0.085902    0.220030  (      10      13)
          26    0.085930    0.329427  (       1      14)
          27    0.086030    0.323928  (       2      14)
          28    0.086199    0.330047  (       2      12)
          29    0.086387    0.330475  (       3      15)
          30    0.086650    0.370189  (       9      20)
          31    0.086894    0.383348  (       9      19)
          32    0.086916    0.244526  (       2      16)
          33    0.086962    0.373508  (       9      18)
          34    0.087061    0.334271  (       3      14)
          35    0.087204    0.330949  (       6      12)
          36    0.087512    0.379278  (       9      15)
          37    0.087604    0.333806  (       1      15)
          38    0.087731    0.224051  (      10      12)
          39    0.087748    0.347731  (       1      17)
          40    0.087833    0.329008  (       6      14)
          41    0.088346    0.245098  (       6      16)
          42    0.088998    0.352904  (       3      17)
          43    0.089326    0.351310  (       1      18)
          44    0.089361    0.362095  (       1      19)
          45    0.089997    0.341520  (       2      17)
          46    0.090032    0.349128  (       1      20)
          47    0.090220    0.356462  (       2      19)
          48    0.090446    0.367367  (       3      19)
          49    0.090512    0.356711  (       3      18)
          50    0.090739    0.343496  (       2      20)
          51    0.090986    0.266052  (       7      11)
          52    0.091082    0.221261  (       8      14)
          53    0.091108    0.354313  (       3      20)
          54    0.091139    0.209701  (       8      11)
          55    0.091145    0.344869  (       2      18)
          56    0.091773    0.346988  (       6      17)
          57    0.091940    0.362032  (       6      19)
          58    0.092454    0.348949  (       6      20)
          59    0.092857    0.350566  (       6      18)
          60    0.093696    0.263175  (       4      11)
          61    0.093731    0.258888  (       7      16)
          62    0.094474    0.264488  (       5      11)
          63    0.095070    0.245799  (       4      14)
          64    0.095273    0.275854  (      10      11)
          65    0.095653    0.247113  (       5      14)
          66    0.096850    0.235348  (       8      17)
          67    0.097339    0.305777  (       7      14)
          68    0.097449    0.269861  (      10      16)
          69    0.097620    0.239253  (       8      20)
          70    0.097883    0.234665  (       8      18)
          71    0.098497    0.336281  (       7      19)
          72    0.098928    0.252708  (       8      19)
          73    0.099500    0.323435  (       7      20)
          74    0.099667    0.320824  (       7      17)
          75    0.100687    0.301899  (      10      14)
          76    0.100693    0.322694  (       7      18)
          77    0.100710    0.230337  (       4      19)
          78    0.100757    0.248091  (       4      20)
          79    0.101143    0.231569  (       5      19)
          80    0.101227    0.289661  (       8      16)
          81    0.101237    0.249487  (       5      20)
          82    0.101501    0.331342  (      10      19)
          83    0.102124    0.246163  (       4      17)
          84    0.102471    0.316150  (      10      17)
          85    0.102490    0.247606  (       5      17)
          86    0.102606    0.267072  (       4      16)
          87    0.102611    0.318664  (      10      20)
          88    0.102802    0.248504  (       4      18)
          89    0.103248    0.267897  (       5      16)
          90    0.103328    0.249957  (       5      18)
          91    0.103664    0.317472  (      10      18)
          92    0.108037    0.406668  (       8      12)
          93    0.108406    0.372496  (       4      12)
          94    0.108689    0.453767  (       2       5)
          95    0.108993    0.453676  (       2       4)
          96    0.109399    0.375331  (       5      12)
          97    0.109605    0.455853  (       5       6)
          98    0.109974    0.455812  (       4       6)
          99    0.111009    0.422457  (       8      13)
         100    0.111083    0.403348  (       5      10)
