    0.17381E+00
    0.12441E+00
    0.17841E+00
    0.18681E+00
    0.15131E+00
    0.19161E+00
    0.22097E+00
   -0.71496E+00
    0.64000E-03
    0.24754E+00
    0.16524E+00
    0.27714E+00
    0.12370E-01
    0.44780E-01
   -0.13622E+00
    0.89880E-01
    0.62200E-02
   -0.25460E-01
   -0.48495E+00
   -0.79150E-01
   -0.19231E+00
   -0.11621E+00
    0.28500E-02
    0.27910E-01
    0.11901E+00
    0.12141E+00
    0.15010E-01
    0.14691E+00
    0.85450E-01
    0.50000E-04
    0.14225E+00
    0.45850E-01
    0.14790E-01
   -0.24721E+00
   -0.13671E+00
   -0.51100E-01
   -0.11865E+00
   -0.79750E-01
   -0.43155E+00
   -0.16215E+00
    0.26785E+00
   -0.84090E-01
