    0.66180E-02   -0.45383E-01   -0.21950E+02    0.92781E+01   -0.18461E+02    0.69225E+01    0.36421E+02    0.48073E+01   -0.46276E-01    0.32065E+02   -0.92781E+01
   -0.29628E-01   -0.55522E-01   -0.27909E+02    0.11797E+02   -0.23473E+02    0.88018E+01    0.46309E+02    0.61124E+01   -0.40360E-01    0.35635E+02   -0.11797E+02
   -0.64410E-02   -0.31638E-01   -0.40823E+02    0.17256E+02   -0.34335E+02    0.12875E+02    0.67737E+02    0.89408E+01   -0.51697E-01    0.67056E+02   -0.17256E+02
   -0.17838E-01   -0.15112E+00   -0.49402E+01    0.19942E+01   -0.43561E+01    0.11965E+01    0.76642E+01    0.83090E+00   -0.14755E-01    0.55421E+01   -0.19942E+01
   -0.42075E-01   -0.17063E+00   -0.40659E+01    0.16413E+01   -0.35852E+01    0.98476E+00    0.63079E+01    0.68386E+00   -0.13430E-01    0.39869E+01   -0.16413E+01
   -0.20891E-01   -0.13791E+00   -0.56942E+01    0.22985E+01   -0.50209E+01    0.13791E+01    0.88340E+01    0.95772E+00   -0.16240E-01    0.71829E+01   -0.22985E+01
    0.12243E+00   -0.33645E-01    0.40432E+01   -0.12425E+01    0.54170E+00   -0.10947E+01   -0.66139E+01   -0.73520E+00   -0.55171E+00   -0.55140E+01   -0.12425E+01
   -0.44600E-01    0.96829E+02    0.28836E+03   -0.13433E+03    0.13257E+03   -0.10358E+03   -0.54766E+03   -0.80922E+02    0.71701E+01   -0.32369E+03    0.13433E+03
    0.24164E+00    0.12672E+04    0.22838E+04   -0.10639E+04    0.10500E+04   -0.82034E+03   -0.43374E+04   -0.64089E+03    0.31681E+02   -0.32045E+04    0.10639E+04
    0.59120E-01   -0.66134E-01   -0.27574E+02    0.11088E+02   -0.23060E+02    0.74697E+01    0.45059E+02    0.58357E+01   -0.68125E-01    0.38924E+02   -0.11088E+02
   -0.54200E-02   -0.10789E+00   -0.32579E+02    0.13100E+02   -0.27245E+02    0.88255E+01    0.53238E+02    0.68949E+01   -0.59295E-01    0.40198E+02   -0.13100E+02
    0.70350E-01   -0.23389E-01   -0.46798E+02    0.18818E+02   -0.39137E+02    0.12677E+02    0.76474E+02    0.99042E+01   -0.75577E-01    0.74282E+02   -0.18818E+02
   -0.11346E+00    0.50666E-02    0.39675E+02   -0.11778E+02    0.26590E+02   -0.14405E+02   -0.63851E+02   -0.90599E+01    0.21837E+00   -0.67950E+02    0.11778E+02
    0.20300E-01    0.13535E+00   -0.10037E+02    0.44001E+01   -0.99891E+01    0.27101E+01    0.18241E+02    0.20001E+01   -0.24795E-01    0.13340E+02   -0.44001E+01
   -0.57720E-01    0.30943E-01   -0.72787E+01    0.31911E+01   -0.72443E+01    0.19654E+01    0.13229E+02    0.14505E+01   -0.22758E-01    0.84564E+01   -0.31911E+01
    0.59420E-01    0.13843E+00   -0.11121E+02    0.48756E+01   -0.11069E+02    0.30029E+01    0.20213E+02    0.22162E+01   -0.27584E-01    0.16621E+02   -0.48756E+01
   -0.52270E-01   -0.24484E-01    0.98843E+01   -0.30489E+01    0.40228E+01   -0.41724E+01   -0.13038E+02   -0.24007E+01    0.51765E+00   -0.18005E+02    0.30489E+01
    0.72590E-01    0.50928E+02   -0.58848E+02    0.21192E+02   -0.47652E+02    0.17364E+02    0.10160E+03    0.13672E+02   -0.14804E+01    0.10254E+03   -0.21192E+02
   -0.16336E+00   -0.87644E+03   -0.99699E+03    0.47457E+03   -0.38311E+03    0.30540E+03    0.15598E+04    0.21971E+03   -0.26003E+02    0.87884E+03   -0.47457E+03
   -0.23770E-01    0.97528E+01   -0.59550E+03    0.28346E+03   -0.22883E+03    0.18241E+03    0.93166E+03    0.13123E+03   -0.73527E+01    0.65615E+03   -0.28346E+03
    0.20440E-01    0.32040E-01   -0.21846E+02    0.95949E+01   -0.11405E+02    0.87554E+01    0.41269E+02    0.59968E+01    0.49095E+00    0.23987E+02    0.95949E+01
   -0.12430E-01    0.60542E+00   -0.13332E+03    0.58556E+02   -0.69604E+02    0.53432E+02    0.25186E+03    0.36597E+02    0.67200E+00    0.18299E+03    0.58556E+02
   -0.80290E-01    0.15012E+00   -0.23185E+02    0.97821E+01   -0.20679E+02    0.60027E+01    0.38710E+02    0.44464E+01   -0.53269E-01    0.33348E+02   -0.97821E+01
    0.49800E-01    0.67657E+00   -0.21253E+02    0.11757E+02   -0.17305E+02    0.73216E+01    0.44588E+02    0.53442E+01   -0.23335E+00    0.35646E+02   -0.11757E+02
    0.59600E-02    0.59808E+00   -0.13021E+02    0.72033E+01   -0.10602E+02    0.44857E+01    0.27317E+02    0.32742E+01   -0.22195E+00    0.19089E+02   -0.72033E+01
    0.66390E-01    0.68526E+00   -0.21185E+02    0.11720E+02   -0.17250E+02    0.72981E+01    0.44444E+02    0.53271E+01   -0.26262E+00    0.39953E+02   -0.11720E+02
   -0.26030E-01   -0.33790E-01   -0.95024E+01    0.37818E+01   -0.84880E+01    0.23808E+01    0.15500E+02    0.17190E+01   -0.27777E-01    0.11466E+02   -0.37818E+01
   -0.43000E-02   -0.26132E-01   -0.10583E+02    0.42117E+01   -0.94530E+01    0.26515E+01    0.17262E+02    0.19144E+01   -0.30762E-01    0.14358E+02   -0.42117E+01
   -0.15810E-01    0.41704E+00   -0.21969E+02    0.12544E+02   -0.17802E+02    0.73722E+01    0.41054E+02    0.55017E+01   -0.19095E+00    0.36696E+02   -0.12544E+02
   -0.56870E-01    0.25102E+00   -0.13177E+02    0.75237E+01   -0.10677E+02    0.44218E+01    0.24624E+02    0.32999E+01   -0.17599E+00    0.19238E+02   -0.75237E+01
   -0.25200E-01    0.18045E+00   -0.29495E+02    0.14047E+02   -0.23634E+02    0.85558E+01    0.47050E+02    0.63849E+01   -0.15830E+00    0.47887E+02   -0.14047E+02
   -0.79910E-01   -0.33820E-01   -0.15850E+03    0.56617E+02   -0.13562E+03    0.67441E+02    0.27225E+03    0.41631E+02    0.15139E+00    0.31223E+03    0.56617E+02
   -0.21930E-01   -0.17780E-01   -0.17695E+02    0.64551E+01   -0.10068E+02    0.62830E+01    0.33942E+02    0.43034E+01    0.23889E+00    0.17214E+02    0.64551E+01
   -0.20080E-01    0.36027E+00   -0.12131E+03    0.44254E+02   -0.69022E+02    0.43074E+02    0.23269E+03    0.29503E+02    0.33267E+00    0.14751E+03    0.44254E+02
   -0.42690E-01    0.90599E+00   -0.21458E+03    0.84379E+02   -0.13652E+03    0.60398E+02    0.32311E+03    0.44410E+02   -0.95717E+00    0.33307E+03   -0.84379E+02
    0.49400E-01    0.59629E+00    0.34249E+02   -0.18368E+02    0.33867E+02   -0.17533E+02   -0.81339E+02   -0.11927E+02    0.32441E+00   -0.89454E+02    0.18368E+02
    0.10256E+00    0.13048E+01   -0.29009E+02    0.16485E+02   -0.17515E+02    0.13552E+02    0.68132E+02    0.10113E+02    0.65719E+00    0.40454E+02    0.16485E+02
   -0.56300E-02    0.50076E+01    0.55251E+02   -0.23444E+02    0.36940E+02   -0.19169E+02   -0.11006E+03   -0.13791E+02    0.97148E+00   -0.55163E+02    0.23444E+02
    0.63170E-01    0.44283E+02    0.17494E+03   -0.74229E+02    0.11696E+03   -0.60693E+02   -0.34846E+03   -0.43664E+02    0.24967E+01   -0.21832E+03    0.74229E+02
   -0.10480E-01   -0.40273E-01   -0.38273E+02    0.12963E+02   -0.26142E+02    0.19126E+02    0.67837E+02    0.10626E+02    0.30057E+00    0.79692E+02    0.12963E+02
    0.18035E-01   -0.46355E-01   -0.22639E+02    0.63830E+01   -0.25137E+01    0.51838E+01    0.36325E+02    0.38685E+01   -0.70899E+00    0.29014E+02   -0.63830E+01
   -0.49100E-01    0.36201E+00    0.17074E+02   -0.80204E+01    0.16566E+02   -0.96486E+01   -0.41250E+02   -0.60304E+01    0.31561E+00   -0.45228E+02    0.80204E+01
