        Rank     LS_RMSE    LS_MaxAE  Feature_ID
           1    0.121782    0.476543  (       1)
           2    0.121858    0.456977  (       2)
           3    0.122254    0.483138  (       3)
           4    0.122393    0.466532  (       4)
           5    0.122448    0.459447  (       5)
           6    0.122963    0.498178  (       6)
           7    0.123437    0.488848  (       7)
           8    0.123509    0.482030  (       8)
           9    0.123989    0.492233  (       9)
          10    0.124038    0.501881  (      10)
