        Rank     LS_RMSE    LS_MaxAE  Feature_ID
           1    0.062508    0.142473  (       6      13      27)
           2    0.063727    0.144811  (      10      13      27)
           3    0.064164    0.178341  (       1      13      27)
           4    0.064292    0.178630  (       8      13      27)
           5    0.065620    0.182927  (       8      13      26)
           6    0.065775    0.182914  (       1      13      26)
           7    0.066015    0.146003  (       2      13      27)
           8    0.066078    0.141149  (       6      13      26)
           9    0.066930    0.148480  (       5      13      27)
          10    0.067708    0.239622  (       3      13      21)
          11    0.067836    0.143145  (      10      13      26)
          12    0.068144    0.180395  (       3      13      27)
          13    0.068266    0.252290  (       7      13      21)
          14    0.068337    0.240100  (       1      13      21)
          15    0.068624    0.241455  (       8      13      21)
          16    0.068871    0.145292  (       2      13      26)
          17    0.068949    0.160712  (       4      13      27)
          18    0.069048    0.250951  (       9      13      21)
          19    0.069333    0.185207  (       3      13      26)
          20    0.069503    0.208096  (       1      18      24)
          21    0.069515    0.212719  (       1      18      28)
          22    0.069618    0.207931  (       1      18      23)
          23    0.069648    0.203528  (       1      13      22)
          24    0.070195    0.181420  (       3      15      20)
          25    0.070267    0.208663  (       8      13      22)
          26    0.070326    0.210353  (       1      18      29)
          27    0.070340    0.147427  (       5      13      26)
          28    0.070404    0.210849  (       1      18      30)
          29    0.070426    0.207255  (       1      13      25)
          30    0.070657    0.204383  (       1      13      23)
          31    0.070750    0.204460  (       1      13      24)
          32    0.070806    0.205030  (       1      17      24)
          33    0.070810    0.213573  (       8      18      24)
          34    0.070819    0.203284  (       1      15      28)
          35    0.070831    0.284178  (       6      15      27)
          36    0.070895    0.211932  (       1      18      25)
          37    0.070910    0.204891  (       1      17      23)
          38    0.070923    0.213408  (       8      18      23)
          39    0.071029    0.218352  (       8      18      28)
          40    0.071046    0.207354  (       1      13      28)
          41    0.071109    0.212471  (       8      13      25)
          42    0.071138    0.176194  (       3      14      15)
          43    0.071142    0.206198  (       1      13      30)
          44    0.071166    0.205842  (       1      13      29)
          45    0.071169    0.203892  (       3      13      22)
          46    0.071172    0.164796  (       4      13      26)
          47    0.071222    0.141566  (       2      13      21)
          48    0.071245    0.209501  (       8      13      23)
          49    0.071339    0.209576  (       8      13      24)
          50    0.071361    0.208888  (       1      17      28)
          51    0.071514    0.199887  (       1      15      24)
          52    0.071659    0.215962  (       8      18      29)
          53    0.071703    0.199770  (       1      15      23)
          54    0.071708    0.212554  (       8      13      28)
          55    0.071710    0.211395  (       8      13      30)
          56    0.071720    0.211020  (       8      13      29)
          57    0.071765    0.216482  (       8      18      30)
          58    0.071829    0.287351  (      10      15      27)
          59    0.071989    0.206773  (       1      17      29)
          60    0.072003    0.191049  (       7      15      24)
          61    0.072025    0.206263  (       1      18      22)
          62    0.072039    0.192682  (       9      17      24)
          63    0.072094    0.207212  (       1      17      30)
          64    0.072117    0.180253  (       8      12      15)
          65    0.072122    0.195781  (       7      17      24)
          66    0.072131    0.180492  (       3      12      15)
          67    0.072132    0.192535  (       9      17      23)
          68    0.072187    0.190924  (       7      15      23)
          69    0.072212    0.195637  (       7      17      23)
          70    0.072227    0.210231  (       8      17      24)
          71    0.072229    0.204721  (       3      13      23)
          72    0.072245    0.200493  (       3      15      24)
          73    0.072252    0.208431  (       8      15      28)
          74    0.072300    0.198089  (       7      18      24)
          75    0.072329    0.210093  (       8      17      23)
          76    0.072330    0.204795  (       3      13      24)
          77    0.072338    0.202659  (       1      15      25)
          78    0.072344    0.194871  (       9      18      24)
          79    0.072374    0.151498  (       5      13      21)
          80    0.072388    0.197922  (       7      18      23)
          81    0.072420    0.200381  (       3      15      23)
          82    0.072435    0.194702  (       9      18      23)
          83    0.072451    0.190717  (       9      15      24)
          84    0.072451    0.217571  (       8      18      25)
          85    0.072482    0.179300  (       1      12      15)
          86    0.072500    0.201113  (       1      15      29)
          87    0.072511    0.288897  (       6      15      26)
          88    0.072635    0.190457  (       9      15      23)
          89    0.072664    0.201502  (       1      15      30)
          90    0.072728    0.208183  (       1      17      25)
          91    0.072739    0.207968  (       3      18      24)
          92    0.072785    0.204935  (       8      15      24)
          93    0.072821    0.207811  (       3      18      23)
          94    0.072850    0.192142  (       9      15      28)
          95    0.072935    0.187732  (       9      13      27)
          96    0.072973    0.204820  (       8      15      23)
          97    0.072975    0.214204  (       8      17      28)
          98    0.073004    0.175069  (       8      14      15)
          99    0.073060    0.193921  (       7      15      28)
         100    0.073222    0.189681  (       7      13      27)
