        Rank     LS_RMSE    LS_MaxAE  Feature_ID
           1    0.040885    0.099366  (       6      15      26      38      43)
           2    0.040898    0.125201  (       6      15      21      26      38)
           3    0.040978    0.099108  (      10      15      26      38      46)
           4    0.040997    0.101064  (       6      15      26      38      46)
           5    0.041166    0.104551  (       6      15      27      38      43)
           6    0.041168    0.127608  (      10      15      21      26      38)
           7    0.041403    0.102317  (      10      15      27      38      43)
           8    0.041458    0.093665  (       6      15      26      38      41)
           9    0.041465    0.092954  (      10      15      27      38      41)
          10    0.041481    0.125780  (      10      15      21      27      38)
          11    0.041625    0.093718  (       6      15      26      38      42)
          12    0.041628    0.092985  (      10      15      27      38      42)
          13    0.041743    0.122945  (       6      15      21      27      38)
          14    0.041774    0.090130  (       6      15      27      38      41)
          15    0.041836    0.096037  (      10      15      26      38      41)
          16    0.041869    0.107099  (      10      15      27      38      46)
          17    0.041870    0.108002  (      10      15      26      38      43)
          18    0.041871    0.118759  (       6      15      27      38      47)
          19    0.041917    0.090114  (       6      15      27      38      42)
          20    0.041970    0.120892  (       6      15      26      38      47)
          21    0.042023    0.096141  (      10      15      26      38      42)
          22    0.042181    0.118489  (       6      15      26      38      44)
          23    0.042257    0.111559  (       6      15      26      39      43)
          24    0.042272    0.107048  (      10      15      26      39      43)
          25    0.042433    0.122013  (      10      15      27      38      47)
          26    0.042450    0.112917  (       6      15      26      38      49)
          27    0.042553    0.120901  (      10      15      26      38      44)
          28    0.042579    0.112186  (       6      15      27      38      46)
          29    0.042619    0.113493  (       6      15      26      38      48)
          30    0.042631    0.110149  (       6      15      26      38      45)
          31    0.042652    0.112742  (      10      15      27      38      49)
          32    0.042665    0.118770  (      10      15      27      38      44)
          33    0.042669    0.114628  (       6      15      27      38      49)
          34    0.042731    0.112845  (       6      15      26      38      50)
          35    0.042807    0.112251  (      10      15      26      38      45)
          36    0.042841    0.109901  (      10      15      27      38      45)
          37    0.042872    0.097120  (       3      15      20      21      24)
          38    0.042952    0.115942  (       6      15      27      38      44)
          39    0.042995    0.096977  (       3      15      20      21      23)
          40    0.043033    0.113791  (      10      15      27      38      48)
          41    0.043035    0.115969  (      10      15      26      38      48)
          42    0.043099    0.115356  (      10      15      27      38      50)
          43    0.043107    0.115269  (      10      15      26      38      50)
          44    0.043149    0.123782  (      10      15      26      38      47)
          45    0.043229    0.138180  (      10      15      26      39      46)
          46    0.043234    0.119450  (      10      15      26      38      49)
          47    0.043267    0.110870  (       6      15      27      38      48)
          48    0.043340    0.107387  (       6      15      27      38      45)
          49    0.043429    0.113600  (      10      15      27      39      43)
          50    0.043511    0.119918  (       6      15      27      38      50)
          51    0.043846    0.111864  (       3       5      13      21      22)
          52    0.043938    0.118068  (       6      15      27      39      43)
          53    0.044065    0.087363  (       8      13      22      27      41)
          54    0.044130    0.087524  (       8      13      22      27      42)
          55    0.044173    0.143972  (       6      15      26      39      46)
          56    0.044234    0.095521  (       1      13      22      27      41)
          57    0.044244    0.111307  (       2       3      13      21      22)
          58    0.044281    0.099901  (       7      15      21      23      24)
          59    0.044304    0.093729  (       8      13      23      27      41)
          60    0.044309    0.095438  (       1      13      22      27      42)
          61    0.044310    0.106099  (       7      12      15      21      24)
          62    0.044329    0.095637  (       3      15      20      21      22)
          63    0.044330    0.092979  (       8      13      24      27      41)
          64    0.044359    0.109297  (       3      15      20      21      28)
          65    0.044375    0.093641  (       8      13      23      27      42)
          66    0.044400    0.092892  (       8      13      24      27      42)
          67    0.044418    0.098703  (       3      15      20      21      29)
          68    0.044479    0.107489  (       7      12      15      21      23)
          69    0.044499    0.109924  (       3       5      13      21      23)
          70    0.044510    0.101758  (       1      13      23      27      41)
          71    0.044535    0.101005  (       1      13      24      27      41)
          72    0.044576    0.088662  (       2       7      13      21      22)
          73    0.044589    0.101667  (       1      13      23      27      42)
          74    0.044614    0.100915  (       1      13      24      27      42)
          75    0.044629    0.103056  (       7      11      15      21      24)
          76    0.044631    0.109702  (       3       5      13      21      24)
          77    0.044659    0.108720  (       3       5      13      21      25)
          78    0.044664    0.109865  (       3       5      13      21      30)
          79    0.044759    0.104709  (       9      15      21      28      30)
          80    0.044783    0.109674  (       3       5      13      21      29)
          81    0.044791    0.104386  (       7      11      15      21      23)
          82    0.044800    0.104121  (       5       9      15      21      38)
          83    0.044840    0.101185  (       3      15      20      21      30)
          84    0.044860    0.104814  (       8      13      27      29      41)
          85    0.044881    0.109371  (       2       3      13      21      23)
          86    0.044916    0.104720  (       8      13      27      29      42)
          87    0.044919    0.112730  (       3      14      15      21      24)
          88    0.045000    0.108309  (       8      13      27      30      41)
          89    0.045013    0.109147  (       2       3      13      21      24)
          90    0.045021    0.112653  (       3      14      15      21      23)
          91    0.045034    0.105283  (       5      15      26      38      50)
          92    0.045047    0.112122  (       7      12      15      21      28)
          93    0.045050    0.110217  (       2       3      13      21      30)
          94    0.045056    0.108212  (       8      13      27      30      42)
          95    0.045070    0.096364  (       9      17      21      24      36)
          96    0.045085    0.088687  (       5       7      13      21      22)
          97    0.045100    0.097832  (       8      13      21      25      27)
          98    0.045100    0.112808  (       1      13      27      29      41)
          99    0.045114    0.109098  (       2       3      13      21      25)
         100    0.045152    0.102235  (       8      13      25      27      41)
