        Rank     LS_RMSE    LS_MaxAE  Feature_ID
           1    0.083845    0.258734  (       1      13)
           2    0.084548    0.260330  (       8      13)
           3    0.084893    0.258623  (       3      13)
           4    0.085213    0.324512  (       3      14)
           5    0.085639    0.318555  (       8      12)
           6    0.085927    0.325213  (       3      12)
           7    0.086159    0.339155  (       3      20)
           8    0.086353    0.321039  (       1      12)
           9    0.086756    0.314210  (       8      11)
          10    0.086770    0.315118  (       1      11)
          11    0.087389    0.324047  (       8      14)
          12    0.088442    0.327530  (       1      14)
          13    0.088775    0.272695  (       7      13)
          14    0.088917    0.325894  (       3      11)
          15    0.089088    0.271280  (       9      13)
          16    0.089570    0.247046  (       1      16)
          17    0.089694    0.325755  (       1      15)
          18    0.089966    0.320284  (       3      15)
          19    0.090428    0.248389  (       8      16)
          20    0.091007    0.330488  (       8      15)
          21    0.091123    0.322203  (       7      15)
          22    0.091341    0.245688  (       3      16)
          23    0.091394    0.322810  (       9      15)
          24    0.091541    0.343700  (       1      17)
          25    0.091678    0.347183  (       8      20)
          26    0.091681    0.300485  (       3      19)
          27    0.092784    0.299896  (       1      19)
          28    0.092982    0.348741  (       8      17)
          29    0.093077    0.215472  (       6      15)
          30    0.093114    0.347059  (       1      18)
          31    0.093123    0.351570  (       1      20)
          32    0.093156    0.305447  (       7      19)
          33    0.093369    0.339702  (       7      11)
          34    0.093453    0.205114  (       6      13)
          35    0.093531    0.340865  (       9      17)
          36    0.093627    0.340020  (       7      17)
          37    0.093780    0.301086  (       8      19)
          38    0.093809    0.337547  (       3      17)
          39    0.093862    0.218898  (      10      15)
          40    0.093885    0.308525  (       9      19)
          41    0.094360    0.206664  (      10      13)
          42    0.094485    0.349896  (       7      12)
          43    0.094501    0.352312  (       8      18)
          44    0.094519    0.344359  (       9      11)
          45    0.094967    0.340665  (       3      18)
          46    0.095320    0.259424  (       7      16)
          47    0.095633    0.259436  (       2      13)
          48    0.095776    0.257713  (       9      16)
          49    0.096116    0.356039  (       9      12)
          50    0.096143    0.261058  (       5      13)
          51    0.096204    0.342735  (       7      18)
          52    0.096218    0.343646  (       9      18)
          53    0.096685    0.241790  (       2      15)
          54    0.096954    0.358385  (       7      14)
          55    0.097031    0.243425  (       5      15)
          56    0.097666    0.275150  (       4      15)
          57    0.098556    0.229223  (       6      17)
          58    0.098848    0.365531  (       9      14)
          59    0.099088    0.232959  (      10      17)
          60    0.099606    0.257423  (       4      13)
          61    0.099634    0.228205  (       6      18)
          62    0.100366    0.231990  (      10      18)
          63    0.102120    0.384921  (       7      20)
          64    0.103105    0.352520  (       4      11)
          65    0.103153    0.290564  (       6      16)
          66    0.103393    0.241951  (       2      17)
          67    0.103533    0.243739  (       5      17)
          68    0.103935    0.291445  (      10      16)
          69    0.103953    0.362006  (       4      14)
          70    0.104116    0.244109  (       2      18)
          71    0.104241    0.267603  (       2      16)
          72    0.104314    0.393308  (       9      20)
          73    0.104400    0.287156  (       4      17)
          74    0.104415    0.245925  (       5      18)
          75    0.104485    0.362971  (       4      12)
          76    0.104639    0.268303  (       5      16)
          77    0.105100    0.287620  (       4      18)
          78    0.105656    0.279788  (       4      16)
          79    0.106832    0.380912  (       4      20)
          80    0.108169    0.399897  (       6      11)
          81    0.108390    0.365465  (       2      11)
          82    0.109211    0.368546  (       5      11)
          83    0.109489    0.403949  (      10      11)
          84    0.109593    0.447153  (       3       5)
          85    0.109761    0.352393  (       4      19)
          86    0.110020    0.447065  (       2       3)
          87    0.110392    0.414310  (       6      12)
          88    0.110568    0.379153  (       2      12)
          89    0.110931    0.382475  (       6      19)
          90    0.111096    0.382190  (       2      14)
          91    0.111541    0.420308  (       6      14)
          92    0.111762    0.384119  (      10      19)
          93    0.111849    0.384300  (       5      12)
          94    0.111906    0.451839  (       2       7)
          95    0.112153    0.420281  (      10      12)
          96    0.112200    0.453292  (       5       7)
          97    0.112665    0.388677  (       5      14)
          98    0.112688    0.473399  (       3      10)
          99    0.112852    0.472995  (       3       6)
         100    0.112938    0.454631  (       2       9)
