        Rank     LS_RMSE    LS_MaxAE  Feature_ID
           1    0.048202    0.156945  (       6      15      26      38)
           2    0.048484    0.152640  (      10      15      26      38)
           3    0.048595    0.159855  (      10      15      27      38)
           4    0.048952    0.164442  (       6      15      27      38)
           5    0.049350    0.138666  (       7      13      21      22)
           6    0.049580    0.109838  (       7      18      21      24)
           7    0.049806    0.109603  (       7      18      21      23)
           8    0.050179    0.106486  (       9      18      21      24)
           9    0.050405    0.106249  (       9      18      21      23)
          10    0.050453    0.104384  (       7      17      21      24)
          11    0.050616    0.136712  (       9      13      21      22)
          12    0.050662    0.104193  (       7      17      21      23)
          13    0.050800    0.144974  (       7      13      21      23)
          14    0.050803    0.122732  (       3      13      21      22)
          15    0.050834    0.101152  (       9      17      21      24)
          16    0.050900    0.143972  (       7      13      21      24)
          17    0.051045    0.100959  (       9      17      21      23)
          18    0.051097    0.122157  (       1      13      21      25)
          19    0.051179    0.110844  (       9      18      21      28)
          20    0.051261    0.123988  (       8      13      21      25)
          21    0.051289    0.126138  (       1      13      21      22)
          22    0.051316    0.098475  (       7      15      21      24)
          23    0.051399    0.128130  (       8      13      21      22)
          24    0.051650    0.099039  (       7      15      21      23)
          25    0.051745    0.121961  (       3      13      21      23)
          26    0.051752    0.104120  (       7      15      21      28)
          27    0.051755    0.123010  (       1      13      21      28)
          28    0.051761    0.155488  (       7      13      21      25)
          29    0.051761    0.114036  (       7      18      21      28)
          30    0.051834    0.121853  (       3      13      21      24)
          31    0.051873    0.123892  (       1      13      21      30)
          32    0.051895    0.124740  (       8      13      21      30)
          33    0.051896    0.123905  (       8      13      21      28)
          34    0.051917    0.152781  (       1      13      22      27)
          35    0.051965    0.156178  (       8      13      22      27)
          36    0.051995    0.101285  (       9      15      21      28)
          37    0.051998    0.130690  (      10      15      21      38)
          38    0.051999    0.143016  (       9      13      21      23)
          39    0.052002    0.123591  (       1      13      21      29)
          40    0.052011    0.124427  (       8      13      21      29)
          41    0.052098    0.142017  (       9      13      21      24)
          42    0.052140    0.123390  (       1      13      21      23)
          43    0.052151    0.156377  (       8      13      27      29)
          44    0.052160    0.155061  (       1      13      25      27)
          45    0.052184    0.152939  (       1      13      27      29)
          46    0.052191    0.157142  (       7      13      21      29)
          47    0.052212    0.125389  (       8      13      21      23)
          48    0.052213    0.156763  (       8      13      27      30)
          49    0.052217    0.123138  (       1      13      21      24)
          50    0.052232    0.153318  (       1      13      27      30)
          51    0.052242    0.115458  (       7      18      21      29)
          52    0.052250    0.158468  (       8      13      25      27)
          53    0.052256    0.152454  (       1      13      23      27)
          54    0.052262    0.154084  (       9      13      21      25)
          55    0.052270    0.155840  (       8      13      23      27)
          56    0.052270    0.126536  (       6      15      21      38)
          57    0.052276    0.152411  (       1      13      24      27)
          58    0.052289    0.155794  (       8      13      24      27)
          59    0.052290    0.125132  (       8      13      21      24)
          60    0.052332    0.112952  (       9      17      21      28)
          61    0.052353    0.161380  (       7      13      21      30)
          62    0.052390    0.154556  (       1      13      27      28)
          63    0.052430    0.153228  (       7      13      21      28)
          64    0.052436    0.098115  (       9      15      21      24)
          65    0.052458    0.157956  (       8      13      27      28)
          66    0.052463    0.123368  (       3      13      21      29)
          67    0.052553    0.151437  (       8      13      22      26)
          68    0.052598    0.159203  (      10      13      27      31)
          69    0.052617    0.161226  (       6      13      27      31)
          70    0.052649    0.115763  (       9      18      21      29)
          71    0.052682    0.153544  (       8      13      25      26)
          72    0.052709    0.120348  (       7      18      21      30)
          73    0.052758    0.151445  (       8      13      26      29)
          74    0.052763    0.098677  (       9      15      21      23)
          75    0.052811    0.151846  (       8      13      26      30)
          76    0.052812    0.150915  (       8      13      23      26)
          77    0.052820    0.126440  (       3      13      21      30)
          78    0.052823    0.150845  (       8      13      24      26)
          79    0.052853    0.148299  (       1      13      22      26)
          80    0.052854    0.119653  (       9      18      21      30)
          81    0.052869    0.152924  (       8      13      26      28)
          82    0.052949    0.150392  (       1      13      25      26)
          83    0.052979    0.116406  (       7      17      21      28)
          84    0.052983    0.151753  (       9      13      21      28)
          85    0.053152    0.147777  (       1      13      23      26)
          86    0.053154    0.148253  (       1      13      26      29)
          87    0.053161    0.149772  (       1      13      26      28)
          88    0.053164    0.147709  (       1      13      24      26)
          89    0.053193    0.148648  (       1      13      26      30)
          90    0.053301    0.155186  (       9      13      21      29)
          91    0.053311    0.159574  (       9      13      21      30)
          92    0.053316    0.130803  (       7      17      21      29)
          93    0.053384    0.135269  (       3      13      21      25)
          94    0.053385    0.138793  (       7      18      21      22)
          95    0.053399    0.152757  (      10      13      27      39)
          96    0.053401    0.130319  (       9      18      21      25)
          97    0.053519    0.131093  (       9      17      21      29)
          98    0.053567    0.153232  (       6      13      27      39)
          99    0.053589    0.156324  (       6      13      26      31)
         100    0.053615    0.145876  (       1      18      21      28)
