        Rank     LS_RMSE    LS_MaxAE  Feature_ID
           1    0.033569    0.079976  (       6      15      26      38      43      51)
           2    0.033569    0.079976  (       6      15      21      26      38      43)
           3    0.034171    0.084805  (       6      15      21      27      38      43)
           4    0.034171    0.084805  (       6      15      27      38      43      51)
           5    0.034569    0.082906  (      10      15      21      27      38      43)
           6    0.034569    0.082906  (      10      15      27      38      43      51)
           7    0.034649    0.082941  (      10      15      26      38      43      51)
           8    0.034649    0.082941  (      10      15      21      26      38      43)
           9    0.034707    0.078108  (      10      15      26      38      46      51)
          10    0.034707    0.078108  (      10      15      21      26      38      46)
          11    0.034743    0.077055  (       6      15      26      38      46      51)
          12    0.034743    0.077055  (       6      15      21      26      38      46)
          13    0.035232    0.080566  (       6      15      26      38      43      52)
          14    0.035258    0.080623  (       6      15      26      38      43      53)
          15    0.035649    0.078022  (      10      15      21      27      38      46)
          16    0.035649    0.078022  (      10      15      27      38      46      51)
          17    0.035671    0.085965  (       6      15      27      38      43      52)
          18    0.035683    0.086027  (       6      15      27      38      43      53)
          19    0.035922    0.092197  (       6      15      26      38      43      54)
          20    0.036075    0.084101  (      10      15      27      38      43      52)
          21    0.036085    0.091496  (       6      15      26      38      43      55)
          22    0.036100    0.084171  (      10      15      27      38      43      53)
          23    0.036164    0.077616  (       6      15      26      38      46      53)
          24    0.036204    0.077763  (       6      15      26      38      46      52)
          25    0.036253    0.081839  (      10      15      26      38      46      53)
          26    0.036282    0.081649  (      10      15      26      38      46      52)
          27    0.036304    0.078702  (       6      15      21      27      38      46)
          28    0.036304    0.078702  (       6      15      27      38      46      51)
          29    0.036336    0.090931  (      10      15      26      38      43      52)
          30    0.036375    0.090945  (      10      15      26      38      43      53)
          31    0.036389    0.083203  (       6      15      26      38      43      59)
          32    0.036389    0.083203  (       6      15      26      38      43      58)
          33    0.036450    0.083206  (       6      15      26      38      43      60)
          34    0.036452    0.094554  (       6      15      27      38      43      54)
          35    0.036724    0.094569  (       6      15      27      38      43      55)
          36    0.036763    0.100277  (       6      15      21      26      38      41)
          37    0.036763    0.100277  (       6      15      26      38      41      51)
          38    0.036771    0.092356  (      10      15      27      38      43      54)
          39    0.036809    0.090835  (      10      15      26      38      46      54)
          40    0.036852    0.086706  (       6      15      27      38      43      58)
          41    0.036852    0.086706  (       6      15      27      38      43      59)
          42    0.036882    0.086837  (       6      15      27      38      43      60)
          43    0.036902    0.100429  (       6      15      21      26      38      42)
          44    0.036902    0.100429  (       6      15      26      38      42      51)
          45    0.036922    0.089089  (      10      15      16      26      39      46)
          46    0.036933    0.092329  (      10      15      27      38      43      55)
          47    0.036939    0.103327  (      10      15      26      38      43      54)
          48    0.036986    0.102434  (      10      15      26      38      43      55)
          49    0.036989    0.095212  (       6      15      26      38      46      54)
          50    0.037014    0.078653  (      10      15      27      38      46      53)
          51    0.037022    0.090659  (      10      15      26      38      46      55)
          52    0.037053    0.078803  (      10      15      27      38      46      52)
          53    0.037120    0.100038  (      10      15      27      38      41      51)
          54    0.037120    0.100038  (      10      15      21      27      38      41)
          55    0.037125    0.102765  (      10      15      21      26      38      41)
          56    0.037125    0.102765  (      10      15      26      38      41      51)
          57    0.037214    0.084835  (      10      15      27      38      43      59)
          58    0.037214    0.084835  (      10      15      27      38      43      58)
          59    0.037263    0.100185  (      10      15      27      38      42      51)
          60    0.037263    0.100185  (      10      15      21      27      38      42)
          61    0.037269    0.084984  (      10      15      27      38      43      60)
          62    0.037272    0.088281  (       6      15      26      38      43      56)
          63    0.037280    0.102975  (      10      15      26      38      42      51)
          64    0.037280    0.102975  (      10      15      21      26      38      42)
          65    0.037304    0.095601  (       6      15      26      38      46      55)
          66    0.037304    0.105694  (       6      15      27      38      43      57)
          67    0.037335    0.078836  (       6      15      26      38      46      60)
          68    0.037345    0.100528  (       6      15      26      38      43      57)
          69    0.037363    0.097193  (       6      15      21      27      38      41)
          70    0.037363    0.097193  (       6      15      27      38      41      51)
          71    0.037387    0.085236  (      10      15      26      38      46      60)
          72    0.037399    0.079284  (       6      15      26      38      46      59)
          73    0.037399    0.079284  (       6      15      26      38      46      58)
          74    0.037430    0.084866  (      10      15      26      38      46      59)
          75    0.037430    0.084866  (      10      15      26      38      46      58)
          76    0.037445    0.085766  (       6      15      16      26      39      46)
          77    0.037448    0.094626  (      10      15      26      38      43      59)
          78    0.037448    0.094626  (      10      15      26      38      43      58)
          79    0.037487    0.097288  (       6      15      27      38      42      51)
          80    0.037487    0.097288  (       6      15      21      27      38      42)
          81    0.037515    0.098650  (      10      15      26      38      43      56)
          82    0.037535    0.094686  (      10      15      26      38      43      60)
          83    0.037548    0.090625  (       6      15      16      27      38      41)
          84    0.037568    0.080084  (       6      15      27      38      46      53)
          85    0.037616    0.095554  (       6      15      27      31      38      41)
          86    0.037619    0.080039  (       6      15      27      38      46      52)
          87    0.037624    0.099200  (       6      15      26      38      41      52)
          88    0.037646    0.099253  (       6      15      26      38      41      53)
          89    0.037646    0.102428  (       3       5      15      20      24      51)
          90    0.037646    0.102428  (       3       5      15      20      21      24)
          91    0.037648    0.096950  (      10      15      26      37      38      51)
          92    0.037648    0.096950  (      10      15      21      26      37      38)
          93    0.037659    0.113169  (       6      15      26      38      45      51)
          94    0.037659    0.113169  (       6      15      21      26      38      45)
          95    0.037681    0.101440  (       2       3      15      20      21      24)
          96    0.037681    0.101440  (       2       3      15      20      24      51)
          97    0.037698    0.090559  (       6      15      16      27      38      42)
          98    0.037720    0.093126  (      10      15      16      27      38      41)
          99    0.037730    0.103044  (       6      15      26      38      46      57)
         100    0.037733    0.102553  (       3       5      15      20      23      51)
