        Rank     LS_RMSE    LS_MaxAE  Feature_ID
           1    0.045388    0.149788  (       7      15      22      40)
           2    0.045941    0.143044  (       7      15      22      36)
           3    0.046273    0.158919  (       7      15      24      40)
           4    0.046693    0.153494  (       7      15      22      37)
           5    0.047477    0.153320  (       7      15      24      36)
           6    0.047544    0.162134  (       7      15      24      37)
           7    0.049487    0.149181  (       7      13      24      34)
           8    0.049687    0.136271  (       8      13      21      23)
           9    0.049854    0.148753  (       1      13      23      24)
          10    0.049965    0.156380  (       7      13      24      31)
          11    0.049983    0.152164  (       6      13      23      24)
          12    0.050119    0.148424  (       1      13      24      25)
          13    0.050132    0.148381  (       1      13      24      26)
          14    0.050212    0.151823  (       6      13      24      25)
          15    0.050223    0.146707  (       7      13      24      33)
          16    0.050224    0.151778  (       6      13      24      26)
          17    0.050232    0.152927  (       7      13      24      35)
          18    0.050243    0.107664  (       8      18      21      26)
          19    0.050262    0.150972  (       1      13      24      27)
          20    0.050268    0.145367  (       7      13      24      32)
          21    0.050424    0.154404  (       6      13      24      27)
          22    0.050470    0.140563  (       7      13      24      39)
          23    0.050472    0.107434  (       8      18      21      25)
          24    0.050578    0.146518  (       6      13      22      23)
          25    0.050754    0.117793  (       5      13      24      39)
          26    0.050755    0.145983  (       6      13      22      25)
          27    0.050759    0.145913  (       6      13      22      26)
          28    0.050814    0.143301  (       1      13      22      23)
          29    0.050856    0.140336  (       7      13      22      34)
          30    0.050861    0.117839  (       4      13      24      39)
          31    0.050871    0.148608  (       6      13      22      27)
          32    0.050963    0.140976  (       7      13      24      38)
          33    0.051035    0.142766  (       1      13      22      25)
          34    0.051039    0.142698  (       1      13      22      26)
          35    0.051083    0.145365  (       1      13      22      27)
          36    0.051099    0.142682  (       8      13      21      25)
          37    0.051197    0.141696  (       8      13      21      26)
          38    0.051203    0.118505  (       4      13      22      39)
          39    0.051263    0.150300  (       7      13      22      31)
          40    0.051377    0.102473  (       8      17      21      26)
          41    0.051493    0.138504  (       7      13      22      33)
          42    0.051551    0.145252  (       7      13      22      35)
          43    0.051586    0.102286  (       8      17      21      25)
          44    0.051637    0.142807  (       7      13      24      37)
          45    0.051649    0.153112  (       6      13      24      30)
          46    0.051651    0.149548  (       1      13      24      30)
          47    0.051673    0.118845  (       5      13      22      39)
          48    0.051793    0.138161  (       7      13      22      32)
          49    0.051820    0.123719  (       3      13      21      23)
          50    0.051991    0.140290  (       7      13      24      40)
          51    0.052000    0.137711  (       7      13      24      36)
          52    0.052110    0.099116  (       8      15      21      26)
          53    0.052165    0.125788  (       1      13      21      23)
          54    0.052175    0.153444  (       8      13      21      27)
          55    0.052211    0.177051  (       8      13      21      30)
          56    0.052288    0.122307  (       1      13      21      27)
          57    0.052308    0.143620  (       7      13      22      39)
          58    0.052348    0.127730  (       6      13      21      23)
          59    0.052444    0.099686  (       8      15      21      25)
          60    0.052511    0.124218  (       6      13      21      27)
          61    0.052655    0.148011  (       6      13      22      30)
          62    0.052756    0.125370  (       7      15      16      24)
          63    0.052768    0.122988  (       3      13      21      25)
          64    0.052859    0.122884  (       3      13      21      26)
          65    0.052862    0.131728  (       7      13      22      38)
          66    0.053008    0.144646  (       1      13      22      30)
          67    0.053021    0.122579  (       6      13      21      30)
          68    0.053027    0.123151  (       1      13      21      25)
          69    0.053056    0.120448  (       1      13      21      30)
          70    0.053064    0.119736  (       9      13      21      23)
          71    0.053106    0.122911  (       1      13      21      26)
          72    0.053171    0.125101  (       6      13      21      25)
          73    0.053251    0.124858  (       6      13      21      26)
          74    0.053289    0.125603  (       3      13      21      30)
          75    0.053712    0.150562  (      10      15      22      34)
          76    0.053853    0.135747  (       7      13      22      37)
          77    0.053967    0.120291  (       9      13      21      25)
          78    0.054021    0.129463  (       7      13      22      36)
          79    0.054055    0.120339  (       9      13      21      26)
          80    0.054152    0.142581  (       8      18      21      23)
          81    0.054311    0.132837  (       7      13      22      40)
          82    0.054401    0.120939  (       9      13      21      30)
          83    0.054412    0.144925  (       1      15      16      24)
          84    0.054429    0.125335  (       7      13      24      27)
          85    0.054487    0.136304  (       3      13      21      27)
          86    0.054604    0.147123  (       8      13      21      29)
          87    0.054762    0.123852  (       7      13      24      25)
          88    0.054789    0.136947  (       1      15      16      22)
          89    0.054804    0.123821  (       7      13      24      26)
          90    0.054821    0.137361  (       8      18      21      27)
          91    0.054846    0.139886  (       6      15      16      22)
          92    0.054854    0.147974  (       6      15      16      24)
          93    0.054868    0.123774  (       7      13      23      24)
          94    0.054975    0.146183  (       1      18      21      26)
          95    0.055047    0.140199  (       8      15      21      27)
          96    0.055099    0.150386  (       5      13      24      31)
          97    0.055189    0.146627  (       1      18      21      25)
          98    0.055242    0.169770  (       7      18      24      40)
          99    0.055328    0.126473  (       7      15      16      22)
         100    0.055345    0.124472  (       7      13      24      30)
