        Rank     LS_RMSE    LS_MaxAE  Feature_ID
           1    0.029597    0.074220  (       7      15      22      36      42      51)
           2    0.029904    0.081038  (       7      15      22      36      41      51)
           3    0.030072    0.076558  (       7      15      22      36      42      54)
           4    0.030084    0.075121  (       7      15      22      36      50      51)
           5    0.030199    0.076108  (       7      15      22      36      42      55)
           6    0.030203    0.076107  (       7      15      22      36      42      56)
           7    0.030217    0.074019  (       7      15      22      36      42      52)
           8    0.030331    0.076599  (       7      15      22      36      42      60)
           9    0.030332    0.073931  (       7      15      22      36      42      53)
          10    0.030394    0.074925  (       7      15      22      36      42      57)
          11    0.030402    0.074924  (       7      15      22      36      42      58)
          12    0.030433    0.075717  (       7      15      22      36      42      59)
          13    0.030479    0.080943  (       7      15      24      36      50      51)
          14    0.030499    0.077457  (       7      15      22      36      50      54)
          15    0.030562    0.083431  (       7      15      22      36      41      54)
          16    0.030686    0.080855  (       7      15      22      36      41      52)
          17    0.030726    0.077049  (       7      15      22      36      50      56)
          18    0.030738    0.077057  (       7      15      22      36      50      55)
          19    0.030780    0.077508  (       7      15      22      36      50      60)
          20    0.030797    0.074985  (       7      15      22      36      50      52)
          21    0.030809    0.080728  (       7      15      22      36      41      53)
          22    0.030844    0.083444  (       7      15      22      36      41      60)
          23    0.030847    0.083044  (       7      15      22      36      45      51)
          24    0.030868    0.081797  (       7      15      22      36      41      57)
          25    0.030872    0.082529  (       7      15      22      36      41      59)
          26    0.030874    0.075827  (       7      15      22      36      50      58)
          27    0.030875    0.081782  (       7      15      22      36      41      58)
          28    0.030877    0.074872  (       7      15      22      36      50      53)
          29    0.030892    0.083074  (       7      15      22      36      41      55)
          30    0.030895    0.083067  (       7      15      22      36      41      56)
          31    0.030899    0.075849  (       7      15      22      36      50      57)
          32    0.030927    0.076639  (       7      15      22      36      50      59)
          33    0.030978    0.083300  (       7      15      24      36      50      56)
          34    0.030981    0.083314  (       7      15      24      36      50      55)
          35    0.031025    0.083475  (       7      15      24      36      50      54)
          36    0.031068    0.080886  (       7      15      24      36      50      52)
          37    0.031069    0.080797  (       7      15      24      36      50      53)
          38    0.031115    0.080055  (       7      15      24      36      42      51)
          39    0.031129    0.089275  (       7      15      24      36      45      51)
          40    0.031298    0.083503  (       7      15      24      36      50      60)
          41    0.031331    0.081709  (       7      15      24      36      50      58)
          42    0.031338    0.081740  (       7      15      24      36      50      57)
          43    0.031424    0.082498  (       7      15      24      36      50      59)
          44    0.031431    0.085442  (       7      15      22      36      45      54)
          45    0.031479    0.090760  (       7      15      22      36      43      51)
          46    0.031528    0.086930  (       7      15      24      36      41      51)
          47    0.031573    0.082403  (       7      15      24      36      42      55)
          48    0.031578    0.079945  (       7      15      24      36      42      52)
          49    0.031585    0.082396  (       7      15      24      36      42      56)
          50    0.031604    0.079882  (       7      15      24      36      42      53)
          51    0.031667    0.091793  (       7      15      22      36      44      51)
          52    0.031723    0.082607  (       7      15      24      36      42      54)
          53    0.031731    0.089610  (       7      15      22      36      43      54)
          54    0.031735    0.085452  (       7      15      22      36      45      60)
          55    0.031739    0.082892  (       7      15      22      36      45      52)
          56    0.031749    0.089721  (       7      15      22      36      46      51)
          57    0.031797    0.083778  (       7      15      22      36      45      58)
          58    0.031811    0.084535  (       7      15      22      36      45      59)
          59    0.031816    0.082733  (       7      15      22      36      45      53)
          60    0.031830    0.083812  (       7      15      22      36      45      57)
          61    0.031850    0.087645  (       7      15      22      36      43      55)
          62    0.031851    0.087668  (       7      15      22      36      43      56)
          63    0.031861    0.091889  (       7      15      24      36      45      54)
          64    0.031894    0.085101  (       7      15      22      36      45      56)
          65    0.031909    0.090644  (       7      15      22      36      44      54)
          66    0.031909    0.085114  (       7      15      22      36      45      55)
          67    0.031913    0.089034  (       7      15      24      36      45      53)
          68    0.031916    0.089181  (       7      15      24      36      45      52)
          69    0.031931    0.080840  (       7      15      24      36      42      57)
          70    0.031951    0.082628  (       7      15      24      36      42      60)
          71    0.031955    0.080829  (       7      15      24      36      42      58)
          72    0.031961    0.088512  (       7      15      22      36      46      54)
          73    0.032010    0.081605  (       7      15      24      36      42      59)
          74    0.032014    0.091171  (       7      15      22      36      48      51)
          75    0.032028    0.089884  (       7      15      22      36      43      60)
          76    0.032050    0.088770  (       7      15      22      36      44      55)
          77    0.032051    0.088791  (       7      15      22      36      44      56)
          78    0.032073    0.091741  (       7      15      24      36      45      56)
          79    0.032081    0.091760  (       7      15      24      36      45      55)
          80    0.032081    0.074817  (       7      15      21      22      36      42)
          81    0.032097    0.089904  (       7      15      22      36      43      52)
          82    0.032132    0.086673  (       7      15      22      36      46      56)
          83    0.032139    0.086666  (       7      15      22      36      46      55)
          84    0.032149    0.086822  (       7      15      24      36      41      52)
          85    0.032156    0.089794  (       7      15      22      36      43      57)
          86    0.032159    0.090072  (       7      15      24      36      45      58)
          87    0.032159    0.089843  (       7      15      22      36      43      58)
          88    0.032161    0.091868  (       7      15      24      36      45      60)
          89    0.032175    0.090113  (       7      15      24      36      45      57)
          90    0.032180    0.086710  (       7      15      24      36      41      53)
          91    0.032196    0.090892  (       7      15      22      36      44      60)
          92    0.032213    0.090808  (       7      15      24      36      45      59)
          93    0.032216    0.089963  (       7      15      22      36      48      54)
          94    0.032267    0.090265  (       7      15      22      36      43      53)
          95    0.032268    0.090691  (       7      15      22      36      43      59)
          96    0.032270    0.090923  (       7      15      22      36      44      52)
          97    0.032276    0.088836  (       7      15      22      36      46      60)
          98    0.032321    0.089549  (       7      15      24      36      41      54)
          99    0.032322    0.090801  (       7      15      22      36      44      57)
         100    0.032323    0.090845  (       7      15      22      36      44      58)
