        Rank     LS_RMSE    LS_MaxAE  Feature_ID
           1    0.034573    0.075315  (       7      15      22      36      42)
           2    0.034983    0.087444  (       7      15      22      36      43)
           3    0.035007    0.088264  (       7      15      22      36      44)
           4    0.035092    0.076313  (       7      15      22      36      50)
           5    0.035188    0.086084  (       7      15      22      36      46)
           6    0.035207    0.082736  (       7      15      22      36      41)
           7    0.035291    0.087334  (       7      15      22      36      48)
           8    0.035819    0.081507  (       7      15      24      36      50)
           9    0.036048    0.094862  (       7      15      24      36      48)
          10    0.036203    0.084910  (       7      15      22      36      45)
          11    0.036264    0.080451  (       7      15      24      36      42)
          12    0.036338    0.094779  (       7      15      24      36      46)
          13    0.036523    0.077833  (       7      15      22      40      41)
          14    0.036605    0.098190  (       7      15      24      36      44)
          15    0.036861    0.090522  (       7      15      24      36      45)
          16    0.036946    0.098488  (       7      15      24      36      43)
          17    0.036993    0.087951  (       7      15      24      36      41)
          18    0.037351    0.083464  (       7      15      24      40      41)
          19    0.037353    0.085646  (       7      15      24      40      45)
          20    0.037428    0.091328  (       7      15      22      40      42)
          21    0.037439    0.079725  (       7      15      22      40      45)
          22    0.037707    0.079762  (       7      15      22      37      41)
          23    0.037873    0.102790  (       7      15      22      40      43)
          24    0.038019    0.084895  (       7      15      24      40      50)
          25    0.038058    0.095098  (       7      15      22      40      50)
          26    0.038090    0.088679  (       7      15      24      40      42)
          27    0.038109    0.103922  (       7      15      22      40      44)
          28    0.038209    0.082651  (       7      15      24      37      45)
          29    0.038217    0.103637  (       7      15      22      40      46)
          30    0.038266    0.084370  (       7      15      22      37      45)
          31    0.038359    0.109008  (       7      15      24      40      46)
          32    0.038390    0.109509  (       7      15      24      40      48)
          33    0.038511    0.106251  (       7      15      22      40      48)
          34    0.038524    0.080598  (       7      15      24      37      41)
          35    0.038595    0.111637  (       7      15      24      40      44)
          36    0.038598    0.075923  (       7      15      22      40      47)
          37    0.038624    0.111510  (       7      15      24      40      43)
          38    0.038787    0.077927  (       7      15      22      40      49)
          39    0.038793    0.084984  (       5      15      22      36      44)
          40    0.038889    0.099485  (       7      15      22      37      42)
          41    0.038988    0.083651  (       5      15      22      36      43)
          42    0.039060    0.081588  (       7      15      24      40      47)
          43    0.039078    0.081971  (       4      15      22      36      44)
          44    0.039217    0.108296  (       7      15      21      22      40)
          45    0.039224    0.083483  (       7      15      24      40      49)
          46    0.039270    0.092177  (       7      15      24      37      50)
          47    0.039277    0.074981  (       7      15      22      36      47)
          48    0.039280    0.105031  (       7      15      22      37      50)
          49    0.039389    0.106837  (       7      15      22      37      43)
          50    0.039473    0.075310  (       7      15      22      36      49)
          51    0.039491    0.080738  (       4      15      22      36      43)
          52    0.039534    0.091940  (       7      15      24      37      42)
          53    0.039549    0.078852  (       5      15      24      36      44)
          54    0.039589    0.111948  (       7      15      22      37      46)
          55    0.039627    0.109872  (       7      15      22      37      44)
          56    0.039749    0.112071  (       7      15      24      37      46)
          57    0.039798    0.112578  (       7      15      24      37      48)
          58    0.039890    0.114376  (       7      15      22      37      48)
          59    0.040103    0.114903  (       7      15      24      37      44)
          60    0.040117    0.114788  (       7      15      24      37      43)
          61    0.040119    0.105998  (       7      15      21      24      40)
          62    0.040259    0.081222  (       5      15      24      36      43)
          63    0.040303    0.113242  (       7      15      21      22      37)
          64    0.040328    0.105863  (       7      15      21      22      36)
          65    0.040411    0.080572  (       7      15      24      36      47)
          66    0.040476    0.080012  (       5      15      24      36      48)
          67    0.040545    0.081446  (       7      15      22      37      47)
          68    0.040577    0.080903  (       7      15      24      36      49)
          69    0.040635    0.082307  (       4      15      22      36      48)
          70    0.040717    0.083402  (       7      15      22      37      49)
          71    0.040752    0.082323  (       4      15      24      36      44)
          72    0.040897    0.080868  (       4      15      22      36      46)
          73    0.040975    0.086539  (       7      15      24      37      47)
          74    0.041014    0.085664  (       5      15      22      36      48)
          75    0.041036    0.084056  (       4      15      24      36      48)
          76    0.041042    0.082637  (       5      15      24      36      46)
          77    0.041055    0.084139  (       5      15      22      36      46)
          78    0.041124    0.088389  (       7      15      24      37      49)
          79    0.041148    0.085273  (       4      15      22      40      44)
          80    0.041176    0.110945  (       7      15      21      24      37)
          81    0.041238    0.084042  (       4      15      22      40      43)
          82    0.041251    0.087296  (       5      15      22      40      43)
          83    0.041268    0.083685  (       5      15      24      40      44)
          84    0.041371    0.094580  (       5      15      22      40      44)
          85    0.041570    0.093179  (       7      13      24      34      41)
          86    0.041586    0.083977  (       5      15      24      40      43)
          87    0.041649    0.084638  (       4      15      24      36      43)
          88    0.041818    0.090936  (       7      13      24      34      45)
          89    0.041824    0.086627  (       4      15      24      36      46)
          90    0.041849    0.103487  (       7      15      21      24      36)
          91    0.041892    0.117691  (       7      13      24      27      39)
          92    0.041994    0.087427  (       4      15      24      40      44)
          93    0.042035    0.087491  (       7      13      24      34      42)
          94    0.042098    0.085870  (       7      13      24      34      50)
          95    0.042127    0.093152  (       5      15      22      37      43)
          96    0.042149    0.115629  (       7      13      23      24      39)
          97    0.042157    0.086746  (       4      15      22      37      44)
          98    0.042196    0.086595  (       5      15      24      37      44)
          99    0.042245    0.085666  (       4      15      22      37      43)
         100    0.042256    0.100603  (       5      15      22      37      44)
