        Rank     LS_RMSE    LS_MaxAE  Feature_ID
           1    0.084100    0.258365  (       1      13)
           2    0.084854    0.259902  (       6      13)
           3    0.085331    0.258697  (       3      13)
           4    0.085401    0.334114  (       9      20)
           5    0.085469    0.321808  (       9      14)
           6    0.085655    0.324375  (       3      14)
           7    0.086213    0.324177  (       3      12)
           8    0.086402    0.322524  (       9      12)
           9    0.086545    0.338636  (       3      20)
          10    0.086586    0.320989  (       6      12)
          11    0.086721    0.259636  (       9      13)
          12    0.087215    0.323509  (       1      12)
          13    0.087626    0.318161  (       1      11)
          14    0.087699    0.317286  (       6      11)
          15    0.088146    0.326657  (       6      14)
          16    0.088936    0.270323  (       8      13)
          17    0.089088    0.330078  (       1      14)
          18    0.089388    0.326064  (       3      11)
          19    0.089934    0.326266  (       1      15)
          20    0.090001    0.246814  (       1      16)
          21    0.090395    0.320726  (       3      15)
          22    0.090488    0.326651  (       9      11)
          23    0.090893    0.248131  (       6      16)
          24    0.091297    0.331032  (       6      15)
          25    0.091695    0.325475  (       8      15)
          26    0.091740    0.246211  (       3      16)
          27    0.091862    0.344247  (       1      17)
          28    0.092110    0.300264  (       3      19)
          29    0.092295    0.325724  (       9      15)
          30    0.092319    0.349465  (       6      20)
          31    0.093285    0.246820  (       9      16)
          32    0.093306    0.301621  (       1      19)
          33    0.093341    0.347764  (       1      18)
          34    0.093352    0.349326  (       6      17)
          35    0.093452    0.300953  (       9      19)
          36    0.093654    0.353799  (       1      20)
          37    0.093975    0.308936  (       8      19)
          38    0.094207    0.220347  (       7      15)
          39    0.094271    0.337981  (       3      17)
          40    0.094277    0.343597  (       8      17)
          41    0.094329    0.208029  (       7      13)
          42    0.094338    0.302763  (       6      19)
          43    0.094788    0.353046  (       6      18)
          44    0.095123    0.347198  (       8      11)
          45    0.095450    0.341191  (       3      18)
          46    0.095514    0.257418  (       8      16)
          47    0.096067    0.356564  (       8      12)
          48    0.096157    0.343348  (       9      17)
          49    0.096547    0.260429  (       4      13)
          50    0.096745    0.346658  (       8      18)
          51    0.096773    0.261668  (       5      13)
          52    0.097292    0.346762  (       9      18)
          53    0.097501    0.276791  (       2      15)
          54    0.097760    0.243171  (       4      15)
          55    0.097801    0.244444  (       5      15)
          56    0.098248    0.364850  (       8      14)
          57    0.099309    0.257143  (       2      13)
          58    0.099644    0.234428  (       7      17)
          59    0.100725    0.233777  (       7      18)
          60    0.102603    0.350909  (       2      11)
          61    0.103148    0.390782  (       8      20)
          62    0.103230    0.359563  (       2      14)
          63    0.103484    0.359170  (       2      12)
          64    0.104183    0.288924  (       2      17)
          65    0.104286    0.291803  (       7      16)
          66    0.104298    0.244918  (       5      17)
          67    0.104453    0.243512  (       4      17)
          68    0.104995    0.289533  (       2      18)
          69    0.105103    0.247288  (       5      18)
          70    0.105131    0.245843  (       4      18)
          71    0.105413    0.278892  (       2      16)
          72    0.105467    0.270146  (       4      16)
          73    0.105620    0.270983  (       5      16)
          74    0.105906    0.377616  (       2      20)
          75    0.106578    0.275336  (      10      15)
          76    0.109224    0.350121  (       2      19)
          77    0.109711    0.404427  (       7      11)
          78    0.110038    0.371568  (       4      11)
          79    0.110542    0.374358  (       5      11)
          80    0.110952    0.286927  (      10      13)
          81    0.111260    0.452445  (       3       5)
          82    0.111719    0.452427  (       3       4)
          83    0.111853    0.418397  (       7      12)
          84    0.111877    0.383593  (       7      19)
          85    0.112221    0.385164  (       4      12)
          86    0.112232    0.454486  (       5       9)
          87    0.112268    0.275169  (      10      17)
          88    0.112440    0.331781  (      10      11)
          89    0.112554    0.387722  (       4      14)
          90    0.112756    0.454523  (       4       9)
          91    0.112903    0.424323  (       7      14)
          92    0.112912    0.277674  (      10      18)
          93    0.112987    0.337534  (      10      12)
          94    0.113049    0.338316  (      10      14)
          95    0.113181    0.390010  (       5      12)
          96    0.113580    0.432513  (       3      10)
          97    0.113773    0.393753  (       5      14)
          98    0.113930    0.460279  (       4       8)
          99    0.114073    0.461499  (       5       8)
         100    0.114188    0.476519  (       3       7)
