        Rank     LS_RMSE    LS_MaxAE  Feature_ID
           1    0.122298    0.479974  (       1)
           2    0.122334    0.466870  (       2)
           3    0.122723    0.484547  (       3)
           4    0.123526    0.464351  (       4)
           5    0.123826    0.466487  (       5)
           6    0.124067    0.485504  (       6)
           7    0.124533    0.503990  (       7)
           8    0.124781    0.496951  (       8)
           9    0.124936    0.490456  (       9)
          10    0.125100    0.420576  (      10)
