        Rank     LS_RMSE    LS_MaxAE  Feature_ID
           1    0.058906    0.122984  (       7      13      24)
           2    0.062055    0.171505  (       1      13      24)
           3    0.062101    0.123569  (       4      13      24)
           4    0.062244    0.171728  (       6      13      24)
           5    0.062698    0.118272  (       5      13      24)
           6    0.062727    0.130700  (       7      13      22)
           7    0.063627    0.177690  (       6      13      22)
           8    0.063732    0.176170  (       1      13      22)
           9    0.064541    0.143811  (      10      13      24)
          10    0.065066    0.132490  (       4      13      22)
          11    0.065562    0.238258  (      10      15      24)
          12    0.066110    0.243424  (      10      15      22)
          13    0.066194    0.154590  (       2      13      24)
          14    0.066228    0.144617  (       5      13      22)
          15    0.066963    0.174099  (       3      13      24)
          16    0.067087    0.172543  (       9      13      24)
          17    0.067396    0.141320  (      10      13      22)
          18    0.068157    0.177452  (       9      13      22)
          19    0.068312    0.179258  (       3      13      22)
          20    0.068376    0.250986  (       8      13      21)
          21    0.068516    0.240498  (       3      13      21)
          22    0.068584    0.145390  (       7      13      28)
          23    0.068645    0.163739  (       2      13      22)
          24    0.068988    0.240559  (       1      13      21)
          25    0.069247    0.294626  (       7      15      24)
          26    0.069315    0.182383  (       1      13      28)
          27    0.069326    0.241869  (       6      13      21)
          28    0.069636    0.241242  (       9      13      21)
          29    0.069841    0.205434  (       1      18      26)
          30    0.069955    0.205274  (       1      18      25)
          31    0.069981    0.184256  (       6      13      28)
          32    0.070012    0.200926  (       1      13      23)
          33    0.070190    0.182480  (       9      15      20)
          34    0.070696    0.206122  (       6      13      23)
          35    0.070724    0.181547  (       3      15      20)
          36    0.070884    0.300187  (       7      15      22)
          37    0.070945    0.204632  (       1      13      27)
          38    0.070978    0.201563  (       1      13      30)
          39    0.071013    0.197490  (       1      13      29)
          40    0.071018    0.201763  (       1      13      25)
          41    0.071112    0.201837  (       1      13      26)
          42    0.071233    0.210955  (       6      18      26)
          43    0.071277    0.202667  (       1      17      26)
          44    0.071346    0.210795  (       6      18      25)
          45    0.071380    0.202531  (       1      17      25)
          46    0.071462    0.209271  (       1      18      27)
          47    0.071493    0.206851  (       6      13      30)
          48    0.071670    0.206942  (       6      13      25)
          49    0.071672    0.176046  (       3      14      15)
          50    0.071681    0.209918  (       6      13      27)
          51    0.071693    0.203462  (       3      13      23)
          52    0.071764    0.207015  (       6      13      26)
          53    0.071808    0.202531  (       6      13      29)
          54    0.071870    0.197523  (       1      15      26)
          55    0.071942    0.176227  (       9      14      15)
          56    0.072059    0.197409  (       1      15      25)
          57    0.072231    0.181358  (       8      13      24)
          58    0.072324    0.200009  (       3      13      29)
          59    0.072370    0.203658  (       1      18      23)
          60    0.072592    0.180544  (       3      12      15)
          61    0.072749    0.204260  (       3      13      25)
          62    0.072763    0.207921  (       6      17      26)
          63    0.072784    0.200387  (       3      15      26)
          64    0.072843    0.193549  (       8      15      26)
          65    0.072846    0.200336  (       1      15      27)
          66    0.072850    0.204330  (       3      13      26)
          67    0.072863    0.207786  (       6      17      25)
          68    0.072906    0.342623  (       2      15      24)
          69    0.072912    0.179214  (       6      12      15)
          70    0.072958    0.200280  (       3      15      25)
          71    0.073031    0.193300  (       8      15      25)
          72    0.073046    0.195929  (       8      18      26)
          73    0.073053    0.193869  (       8      17      26)
          74    0.073055    0.158671  (       4      13      21)
          75    0.073086    0.214965  (       6      18      27)
          76    0.073121    0.204018  (       3      13      30)
          77    0.073141    0.195766  (       8      18      25)
          78    0.073146    0.193728  (       8      17      25)
          79    0.073154    0.208279  (       9      13      23)
          80    0.073164    0.180814  (       9      12      15)
          81    0.073177    0.178346  (       1      12      15)
          82    0.073206    0.202618  (       6      15      26)
          83    0.073378    0.207599  (       3      18      26)
          84    0.073384    0.205856  (       1      17      27)
          85    0.073394    0.202507  (       6      15      25)
          86    0.073424    0.350732  (       2      15      22)
          87    0.073460    0.207449  (       3      18      25)
          88    0.073592    0.173972  (       6      14      15)
          89    0.073754    0.204693  (       9      13      29)
          90    0.073828    0.268436  (       4      15      24)
          91    0.073871    0.209206  (       6      18      23)
          92    0.073886    0.158030  (       5      13      21)
          93    0.073967    0.200955  (       1      17      23)
          94    0.074055    0.186242  (       1      11      15)
          95    0.074090    0.173300  (       1      14      15)
          96    0.074092    0.269992  (       5      15      24)
          97    0.074102    0.195934  (       1      15      23)
          98    0.074176    0.209055  (       9      13      25)
          99    0.074211    0.235746  (       1      16      28)
         100    0.074276    0.209124  (       9      13      26)
