    0.84410E-01
    0.34480E-01
    0.51610E-01
    0.72960E-01
   -0.40130E-02
   -0.25094E+00
   -0.49284E+00
    0.85400E-01
    0.10834E+00
    0.69500E-01
    0.91750E-01
   -0.56040E-01
   -0.45020E-01
   -0.18025E+00
   -0.48540E-01
    0.25250E-01
   -0.72650E-01
   -0.15664E+00
    0.66960E-01
    0.13096E+00
    0.11894E+00
   -0.11541E+00
    0.13081E+00
    0.90840E-01
    0.11259E+00
    0.41480E-01
   -0.16440E-01
    0.15450E-01
    0.60650E-01
    0.10670E-01
    0.79820E-01
   -0.38690E-01
   -0.80370E-01
    0.76060E-01
    0.95950E-01
   -0.61170E-01
   -0.13798E+00
    0.15096E+00
    0.12445E+00
   -0.10324E+00
    0.12970E-01
    0.27280E-01
   -0.11029E+00
