    0.68710E-02
   -0.37203E-01
    0.17427E-01
    0.21690E-01
   -0.19263E-01
    0.28590E-02
   -0.77000E-02
    0.34960E-01
    0.46790E-01
    0.62500E-02
    0.31920E-01
   -0.22140E-01
    0.40080E-01
   -0.62330E-01
    0.45220E-01
   -0.31840E-01
    0.86400E-01
   -0.11800E-01
    0.37460E-01
    0.39100E-02
    0.55800E-02
   -0.15160E-01
    0.50700E-01
    0.12970E-01
    0.40630E-01
    0.14060E-01
   -0.35760E-01
   -0.11200E-02
   -0.35440E-01
   -0.80260E-01
   -0.10140E-01
   -0.55330E-01
    0.44130E-01
    0.10070E-01
    0.39800E-01
   -0.10680E+00
   -0.70150E-01
    0.32860E-01
    0.16240E-01
   -0.13880E-01
   -0.24300E-01
    0.48580E-01
   -0.56820E-01
