    0.24008E-01
   -0.66060E-02
    0.58900E-01
    0.62290E-01
    0.23722E-01
   -0.84471E-01
   -0.87460E-01
    0.10827E+00
    0.38920E-01
   -0.16050E-01
    0.38160E-01
   -0.10470E-01
    0.19760E-01
   -0.12885E+00
    0.33140E-01
   -0.45310E-01
    0.95400E-02
   -0.90560E-01
   -0.19140E-01
   -0.16570E-01
   -0.27700E-02
   -0.59830E-01
    0.48360E-01
    0.18500E-02
    0.43130E-01
    0.76570E-01
    0.49300E-02
    0.68180E-01
   -0.39840E-01
   -0.99170E-01
   -0.69500E-02
   -0.77350E-01
    0.47350E-01
   -0.14750E-01
    0.33030E-01
   -0.14598E+00
   -0.57840E-01
    0.19670E-01
    0.13950E-01
    0.91120E-01
    0.10999E+00
    0.66710E-01
   -0.31610E-01
