    0.52270E-01
    0.41120E-01
    0.46220E-01
    0.18930E-01
    0.44970E-01
   -0.89064E-01
   -0.52900E-01
    0.25910E+00
    0.79400E-01
    0.14240E-01
    0.91310E-01
   -0.92230E-01
   -0.58330E-01
   -0.20208E+00
   -0.16190E-01
   -0.10450E-01
    0.90040E-01
   -0.15782E+00
   -0.84800E-02
    0.52520E-01
    0.14350E-01
   -0.67190E-01
    0.63260E-01
    0.19260E-01
    0.79820E-01
    0.32900E-02
   -0.85320E-01
    0.25560E-01
   -0.69900E-02
   -0.47580E-01
    0.41470E-01
   -0.15800E-01
   -0.72270E-01
    0.15120E-01
    0.93300E-02
   -0.27680E-01
   -0.16079E+00
    0.15734E+00
    0.56080E-01
   -0.10840E-01
    0.64820E-01
   -0.27800E-02
   -0.15504E+00
