   -0.49720E-02
   -0.40667E-01
    0.49230E-01
    0.66040E-01
    0.27440E-02
    0.43170E-01
   -0.21500E-01
    0.27360E-01
    0.28380E-01
   -0.21660E-01
    0.19950E-01
   -0.12650E-01
    0.92000E-03
   -0.13637E+00
    0.67200E-02
    0.59700E-02
    0.21520E-01
    0.68100E-02
    0.56370E-01
    0.87500E-02
    0.22580E-01
   -0.79550E-01
    0.52870E-01
    0.15500E-01
    0.43060E-01
    0.64490E-01
    0.50300E-02
    0.47750E-01
   -0.37830E-01
   -0.88520E-01
   -0.97000E-02
   -0.83400E-01
    0.30470E-01
    0.17300E-02
    0.48990E-01
   -0.12134E+00
   -0.73560E-01
    0.39110E-01
    0.29940E-01
   -0.16410E-01
   -0.22460E-01
    0.68800E-01
   -0.43700E-01
