    0.22633E-01
   -0.16020E-01
    0.12434E-01
    0.47890E-01
    0.21250E-01
    0.46470E-01
   -0.45660E-02
   -0.36900E-01
    0.12700E-02
    0.56290E-01
   -0.11370E-01
    0.70080E-01
   -0.97540E-01
   -0.17290E-01
    0.22740E-01
   -0.32370E-01
    0.50930E-01
    0.42300E-02
   -0.29760E-01
    0.24590E-01
    0.10190E-01
   -0.90190E-01
    0.28620E-01
   -0.16360E-01
    0.45370E-01
   -0.90150E-01
    0.20940E-01
   -0.41570E-01
   -0.87140E-01
    0.84800E-02
   -0.66760E-01
   -0.13580E-01
    0.65100E-02
   -0.51800E-01
    0.22570E-01
    0.11838E+00
    0.47670E-01
    0.13010E-01
    0.69820E-01
    0.85400E-02
   -0.40582E-01
   -0.37000E-01
