    0.18289E-01
   -0.22050E-01
    0.98560E-02
    0.50140E-01
    0.23150E-01
    0.49010E-01
    0.38500E-03
   -0.51900E-01
    0.24074E+00
    0.60280E-01
   -0.87700E-02
    0.75140E-01
   -0.79920E-01
   -0.77870E-01
   -0.35750E-01
   -0.12750E-01
    0.70700E-01
   -0.16395E+00
   -0.14270E-01
    0.41110E-01
    0.28660E-01
   -0.80250E-01
    0.37870E-01
   -0.80400E-02
    0.54650E-01
   -0.84750E-01
    0.27210E-01
   -0.32890E-01
   -0.80040E-01
    0.17380E-01
   -0.65430E-01
    0.61500E-02
    0.26670E-01
   -0.37410E-01
   -0.13356E+00
    0.13999E+00
    0.69530E-01
   -0.68000E-03
    0.76450E-01
    0.18410E-01
   -0.36887E-01
   -0.11460E+00
