    0.29900E-01
   -0.20650E-01
    0.30623E-01
    0.47190E-02
   -0.37143E-01
    0.15346E-01
    0.14924E-01
   -0.34100E-01
    0.26900E-02
    0.73720E-01
   -0.83800E-02
    0.98620E-01
   -0.72330E-01
   -0.15690E-01
    0.26910E-01
   -0.12610E-01
    0.15810E-01
    0.38900E-02
   -0.53000E-02
    0.47250E-01
    0.36600E-02
   -0.77690E-01
    0.12980E-01
   -0.25340E-01
    0.34560E-01
   -0.80830E-01
    0.49190E-01
   -0.53260E-01
   -0.82560E-01
   -0.25800E-02
   -0.47250E-01
    0.77600E-02
   -0.87400E-02
   -0.27740E-01
    0.17140E-01
    0.77300E-01
   -0.58900E-02
    0.26790E-01
    0.54050E-01
    0.26280E-01
   -0.17380E-01
   -0.38640E-01
