    0.16750E-01
   -0.23451E-01
    0.81090E-02
    0.49040E-01
    0.22230E-01
    0.47800E-01
   -0.13590E-02
   -0.46800E-01
    0.77500E-02
    0.60020E-01
   -0.88200E-02
    0.74640E-01
   -0.76330E-01
   -0.78140E-01
   -0.36090E-01
   -0.82500E-02
    0.66330E-01
    0.13910E-01
   -0.13860E-01
    0.45750E-01
    0.31750E-01
   -0.79840E-01
    0.38110E-01
   -0.72700E-02
    0.54870E-01
   -0.85030E-01
    0.26540E-01
   -0.32870E-01
   -0.79360E-01
    0.17290E-01
   -0.60620E-01
    0.11080E-01
    0.30080E-01
   -0.35850E-01
   -0.12882E+00
    0.14556E+00
    0.73210E-01
    0.11950E-01
    0.76030E-01
    0.23310E-01
   -0.39668E-01
   -0.10974E+00
