    0.47700E-01
    0.12730E-01
    0.33780E-01
    0.30092E-01
    0.19640E-02
    0.29007E-01
   -0.12205E+00
   -0.48066E+00
    0.15437E+00
    0.87640E-01
    0.26300E-01
    0.96850E-01
   -0.37670E-01
   -0.54980E-01
   -0.12750E-01
    0.57820E-01
    0.67920E-01
   -0.29324E+00
    0.84900E-02
    0.11952E+00
    0.63890E-01
   -0.54710E-01
    0.76160E-01
    0.32880E-01
    0.92510E-01
   -0.93430E-01
    0.17790E-01
    0.50000E-02
   -0.29760E-01
    0.51700E-01
    0.10600E-02
    0.87020E-01
    0.62270E-01
   -0.71000E-03
   -0.93060E-01
    0.24317E+00
    0.11618E+00
   -0.23865E+00
   -0.59090E-01
    0.68060E-01
   -0.30618E-01
   -0.90500E-01
