        Rank     LS_RMSE    LS_MaxAE  Feature_ID
           1    0.050652    0.147450  (       1      13      21      26)
           2    0.050740    0.150848  (       3      13      21      26)
           3    0.050777    0.132386  (       1      17      22      37)
           4    0.050806    0.144992  (       1      17      25      37)
           5    0.050833    0.151057  (       1      17      26      37)
           6    0.050974    0.147567  (       1      13      26      29)
           7    0.050978    0.151012  (       3      13      26      29)
           8    0.051003    0.147096  (       1      13      23      26)
           9    0.051024    0.147050  (       1      13      24      26)
          10    0.051043    0.147960  (       1      13      26      30)
          11    0.051055    0.150484  (       3      13      23      26)
          12    0.051060    0.151414  (       3      13      26      30)
          13    0.051076    0.150436  (       3      13      24      26)
          14    0.051079    0.149718  (       1      13      26      27)
          15    0.051136    0.127782  (       2      13      21      22)
          16    0.051158    0.148528  (       3      17      25      37)
          17    0.051204    0.153132  (       3      13      26      27)
          18    0.051311    0.152127  (       1      18      26      37)
          19    0.051318    0.145745  (       3      13      21      25)
          20    0.051432    0.134592  (       3      17      22      37)
          21    0.051569    0.146197  (       1      18      25      37)
          22    0.051574    0.154888  (       3      17      26      37)
          23    0.051581    0.145719  (       3      13      25      29)
          24    0.051586    0.145194  (       3      13      23      25)
          25    0.051587    0.142575  (       1      13      21      25)
          26    0.051599    0.145122  (       3      13      24      25)
          27    0.051633    0.147862  (       3      13      25      27)
          28    0.051655    0.146138  (       3      13      25      30)
          29    0.051672    0.149976  (       3      18      25      37)
          30    0.051836    0.156229  (       3      18      26      37)
          31    0.051874    0.144671  (       1      13      25      27)
          32    0.051898    0.142022  (       1      13      23      25)
          33    0.051912    0.141951  (       1      13      24      25)
          34    0.051951    0.142487  (       1      13      25      29)
          35    0.052011    0.142900  (       1      13      25      30)
          36    0.052073    0.130094  (       1      13      21      22)
          37    0.052145    0.127042  (       2      13      22      23)
          38    0.052183    0.126394  (       1      13      22      27)
          39    0.052199    0.129974  (       1      18      22      37)
          40    0.052202    0.131947  (       3      13      21      22)
          41    0.052242    0.126936  (       2      13      22      24)
          42    0.052291    0.120134  (       4      20      26      33)
          43    0.052306    0.148325  (       1      20      26      37)
          44    0.052309    0.151858  (       3      13      26      28)
          45    0.052353    0.148303  (       1      13      26      28)
          46    0.052358    0.128207  (       3      13      22      27)
          47    0.052400    0.123384  (       5      13      21      22)
          48    0.052451    0.161838  (       2      17      22      37)
          49    0.052562    0.129707  (       2      13      22      28)
          50    0.052585    0.142893  (       3      13      26      37)
          51    0.052639    0.132307  (       3      18      22      37)
          52    0.052749    0.143074  (       1      20      25      37)
          53    0.052752    0.151912  (       3      20      26      37)
          54    0.052757    0.150422  (       1      13      26      37)
          55    0.052790    0.126752  (       3      13      22      28)
          56    0.052842    0.121647  (       4      17      26      33)
          57    0.052853    0.146407  (       3      20      25      37)
          58    0.052858    0.124050  (       1      13      22      30)
          59    0.052879    0.124717  (       1      13      22      28)
          60    0.052895    0.125956  (       3      13      22      30)
          61    0.052949    0.128512  (       2      13      22      29)
          62    0.052960    0.164086  (       2      18      22      37)
          63    0.052970    0.123481  (       1      13      22      29)
          64    0.052985    0.127484  (       1      13      22      23)
          65    0.052995    0.125385  (       3      13      22      29)
          66    0.053070    0.127246  (       1      13      22      24)
          67    0.053076    0.129346  (       3      13      22      23)
          68    0.053112    0.150205  (       7      13      26      32)
          69    0.053142    0.122353  (       7      20      26      33)
          70    0.053155    0.114545  (       7      13      26      31)
          71    0.053161    0.129105  (       3      13      22      24)
          72    0.053166    0.152373  (       4      13      26      32)
          73    0.053215    0.118008  (       4      13      26      31)
          74    0.053273    0.147315  (       3      13      25      28)
          75    0.053311    0.131567  (       2      13      22      30)
          76    0.053343    0.148770  (       4      13      26      39)
          77    0.053361    0.122663  (       5      13      22      23)
          78    0.053382    0.162583  (       3      13      25      37)
          79    0.053456    0.122559  (       5      13      22      24)
          80    0.053559    0.124088  (       7      17      26      33)
          81    0.053659    0.146212  (       1      13      25      28)
          82    0.053696    0.125283  (       5      13      22      28)
          83    0.053731    0.130095  (       4      13      26      33)
          84    0.053802    0.121236  (       4      20      25      33)
          85    0.053860    0.148920  (       7      13      26      39)
          86    0.053901    0.122482  (       4      17      25      33)
          87    0.053932    0.140273  (       2      13      22      27)
          88    0.053949    0.170083  (       1      13      25      37)
          89    0.053992    0.147803  (       4      13      26      40)
          90    0.054062    0.127863  (       2      20      22      37)
          91    0.054077    0.145283  (       7      13      26      40)
          92    0.054158    0.124122  (       5      13      22      29)
          93    0.054182    0.143929  (       4      13      26      38)
          94    0.054212    0.157759  (       5      17      22      37)
          95    0.054236    0.122231  (       4      13      26      34)
          96    0.054254    0.146216  (       7      13      26      38)
          97    0.054264    0.116482  (       4      13      25      31)
          98    0.054326    0.114093  (       4      13      26      35)
          99    0.054357    0.147008  (       4      13      25      32)
         100    0.054378    0.121895  (       7      13      26      34)
