        Rank     LS_RMSE    LS_MaxAE  Feature_ID
           1    0.121423    0.478662  (       1)
           2    0.121710    0.484947  (       2)
           3    0.123178    0.484266  (       3)
           4    0.123447    0.501490  (       4)
           5    0.123947    0.491110  (       5)
           6    0.124026    0.462815  (       6)
           7    0.124342    0.504759  (       7)
           8    0.124460    0.475000  (       8)
           9    0.124503    0.464966  (       9)
          10    0.124659    0.414117  (      10)
