        Rank     LS_RMSE    LS_MaxAE  Feature_ID
           1    0.061531    0.139597  (       4      13      26)
           2    0.062567    0.141652  (       7      13      26)
           3    0.062994    0.176903  (       1      13      26)
           4    0.063150    0.177125  (       3      13      26)
           5    0.064492    0.181542  (       3      13      25)
           6    0.064626    0.181586  (       1      13      25)
           7    0.065137    0.138018  (       4      13      25)
           8    0.065845    0.144621  (       6      13      26)
           9    0.066615    0.146812  (       9      13      26)
          10    0.066715    0.139728  (       7      13      25)
          11    0.067091    0.179378  (       2      13      26)
          12    0.067200    0.177831  (       5      13      26)
          13    0.068042    0.242054  (       2      13      22)
          14    0.068116    0.182424  (       5      13      25)
          15    0.068284    0.184376  (       2      13      25)
          16    0.068896    0.143699  (       6      13      25)
          17    0.068999    0.242475  (       1      13      22)
          18    0.069165    0.242708  (       5      13      22)
          19    0.069221    0.198782  (       1      13      21)
          20    0.069230    0.156383  (       8      13      26)
          21    0.069296    0.243771  (       3      13      22)
          22    0.069307    0.203511  (       1      18      24)
          23    0.069415    0.203349  (       1      18      23)
          24    0.069867    0.203938  (       3      13      21)
          25    0.070128    0.199400  (       1      13      28)
          26    0.070175    0.202569  (       1      13      27)
          27    0.070179    0.205751  (       1      18      29)
          28    0.070223    0.148489  (       9      13      25)
          29    0.070266    0.199620  (       1      13      23)
          30    0.070271    0.206273  (       1      18      30)
          31    0.070364    0.199695  (       1      13      24)
          32    0.070378    0.288461  (       4      15      26)
          33    0.070412    0.199716  (       2      13      21)
          34    0.070508    0.172518  (      10      13      26)
          35    0.070510    0.177081  (       2      14      15)
          36    0.070602    0.204646  (       3      13      28)
          37    0.070644    0.200689  (       1      17      24)
          38    0.070644    0.209002  (       3      18      24)
          39    0.070741    0.200551  (       1      17      23)
          40    0.070750    0.208839  (       3      18      23)
          41    0.070799    0.201425  (       1      13      30)
          42    0.070813    0.201050  (       1      13      29)
          43    0.070847    0.177032  (       5      14      15)
          44    0.070858    0.195396  (       1      15      24)
          45    0.070878    0.207812  (       3      13      27)
          46    0.070879    0.204760  (       3      13      23)
          47    0.070888    0.207479  (       1      18      27)
          48    0.070925    0.177074  (      10      13      25)
          49    0.070977    0.204834  (       3      13      24)
          50    0.071045    0.195282  (       1      15      23)
          51    0.071157    0.291211  (       7      15      26)
          52    0.071293    0.196588  (       2      15      24)
          53    0.071389    0.206649  (       3      13      30)
          54    0.071389    0.206255  (       3      13      29)
          55    0.071466    0.196478  (       2      15      23)
          56    0.071510    0.200524  (       2      13      23)
          57    0.071537    0.162140  (       8      13      25)
          58    0.071538    0.211380  (       3      18      29)
          59    0.071610    0.181304  (       2      12      15)
          60    0.071616    0.200596  (       2      13      24)
          61    0.071658    0.211928  (       3      18      30)
          62    0.071785    0.201741  (       1      18      21)
          63    0.071810    0.200237  (       2      13      28)
          64    0.071816    0.198292  (       1      15      27)
          65    0.071846    0.196619  (       1      15      29)
          66    0.071863    0.202442  (       1      17      29)
          67    0.071886    0.204260  (       5      13      21)
          68    0.071977    0.293297  (       4      15      25)
          69    0.071980    0.202906  (       1      17      30)
          70    0.072023    0.197032  (       1      15      30)
          71    0.072062    0.180843  (       3      12      15)
          72    0.072087    0.205908  (       3      17      24)
          73    0.072162    0.200441  (       3      15      24)
          74    0.072171    0.203987  (       2      18      24)
          75    0.072182    0.205771  (       3      17      23)
          76    0.072248    0.203833  (       2      18      23)
          77    0.072281    0.181317  (       5      12      15)
          78    0.072349    0.200329  (       3      15      23)
          79    0.072360    0.180050  (       1      12      15)
          80    0.072466    0.213137  (       3      18      27)
          81    0.072715    0.201767  (       2      13      29)
          82    0.072718    0.203989  (       1      17      27)
          83    0.072787    0.175789  (       3      14      15)
          84    0.072948    0.205049  (       5      13      23)
          85    0.073025    0.197614  (       2      15      29)
          86    0.073053    0.205119  (       5      13      24)
          87    0.073062    0.193803  (       1      15      21)
          88    0.073070    0.202027  (       2      13      30)
          89    0.073073    0.184144  (       1      11      15)
          90    0.073103    0.197970  (       1      20      24)
          91    0.073167    0.201741  (       3      15      29)
          92    0.073191    0.204835  (       5      13      28)
          93    0.073214    0.197843  (       1      20      23)
          94    0.073235    0.207257  (       3      18      21)
          95    0.073241    0.295845  (       7      15      25)
          96    0.073292    0.198978  (       1      17      21)
          97    0.073311    0.203449  (       3      15      27)
          98    0.073319    0.189393  (       3      11      15)
          99    0.073327    0.195056  (       2      15      21)
         100    0.073333    0.175179  (       1      14      15)
