        Rank     LS_RMSE    LS_MaxAE  Feature_ID
           1    0.083482    0.259643  (       1      13)
           2    0.083820    0.232227  (      10      14)
           3    0.084202    0.261162  (       3      13)
           4    0.084261    0.259583  (       2      13)
           5    0.084688    0.323599  (       5      14)
           6    0.084766    0.325632  (       2      14)
           7    0.084872    0.235669  (      10      12)
           8    0.085590    0.326390  (       2      12)
           9    0.085649    0.260423  (       5      13)
          10    0.085779    0.320524  (       3      12)
          11    0.085927    0.325368  (       5      12)
          12    0.086421    0.322886  (       1      12)
          13    0.086642    0.317320  (       1      11)
          14    0.086697    0.316588  (       3      11)
          15    0.087354    0.325862  (       3      14)
          16    0.088329    0.329194  (       1      14)
          17    0.088431    0.327550  (       2      11)
          18    0.088576    0.242531  (      10      11)
          19    0.089107    0.324080  (       1      15)
          20    0.089153    0.318783  (       2      15)
          21    0.089266    0.247802  (       1      16)
          22    0.089625    0.328614  (       5      11)
          23    0.090139    0.249069  (       3      16)
          24    0.090442    0.328863  (       3      15)
          25    0.090757    0.246528  (       2      16)
          26    0.091056    0.323809  (       5      15)
          27    0.091313    0.341665  (       1      17)
          28    0.091634    0.302123  (       2      19)
          29    0.092325    0.246988  (       5      16)
          30    0.092359    0.356026  (       1      20)
          31    0.092769    0.346773  (       3      17)
          32    0.092845    0.345053  (       1      18)
          33    0.093010    0.301998  (       1      19)
          34    0.093010    0.303051  (       5      19)
          35    0.093066    0.350638  (       2      20)
          36    0.093293    0.335700  (       2      17)
          37    0.093339    0.217089  (       4      15)
          38    0.093647    0.361240  (       3      20)
          39    0.093767    0.203961  (       4      13)
          40    0.093968    0.220086  (       7      15)
          41    0.094019    0.303190  (       3      19)
          42    0.094251    0.350373  (       3      18)
          43    0.094433    0.338868  (       2      18)
          44    0.094544    0.205135  (       7      13)
          45    0.094793    0.267758  (      10      13)
          46    0.094884    0.356157  (       5      20)
          47    0.095179    0.341111  (       5      17)
          48    0.096270    0.344494  (       5      18)
          49    0.097650    0.258219  (       6      13)
          50    0.097758    0.260139  (      10      16)
          51    0.098089    0.259528  (       9      13)
          52    0.098690    0.241257  (       6      15)
          53    0.098949    0.242586  (       9      15)
          54    0.099066    0.279584  (       8      15)
          55    0.099171    0.230391  (       4      17)
          56    0.099572    0.233662  (       7      17)
          57    0.100254    0.229556  (       4      18)
          58    0.100404    0.301786  (      10      15)
          59    0.100643    0.255562  (       8      13)
          60    0.100689    0.247924  (       4      20)
          61    0.100834    0.232877  (       7      18)
          62    0.101178    0.251308  (       7      20)
          63    0.101586    0.331726  (      10      20)
          64    0.102972    0.316193  (      10      17)
          65    0.103394    0.291172  (       4      16)
          66    0.103901    0.293938  (      10      19)
          67    0.104015    0.317891  (      10      18)
          68    0.104016    0.225624  (       6      20)
          69    0.104054    0.292093  (       7      16)
          70    0.104151    0.226868  (       9      20)
          71    0.105266    0.359270  (       8      11)
          72    0.105561    0.241298  (       6      17)
          73    0.105636    0.242758  (       9      17)
          74    0.105835    0.291854  (       8      17)
          75    0.106017    0.368110  (       8      14)
          76    0.106097    0.306525  (       8      20)
          77    0.106107    0.268879  (       6      16)
          78    0.106347    0.243463  (       6      18)
          79    0.106439    0.269618  (       9      16)
          80    0.106509    0.368794  (       8      12)
          81    0.106565    0.244947  (       9      18)
          82    0.106651    0.292515  (       8      18)
          83    0.106738    0.279798  (       8      16)
          84    0.108683    0.402526  (       4      11)
          85    0.109815    0.406218  (       7      11)
          86    0.110706    0.370296  (       6      11)
          87    0.110791    0.452081  (       2       9)
          88    0.111037    0.417124  (       4      12)
          89    0.111117    0.354611  (       8      19)
          90    0.111250    0.452216  (       2       6)
          91    0.111406    0.373116  (       9      11)
          92    0.111551    0.384923  (       4      19)
          93    0.111777    0.454180  (       5       9)
          94    0.112051    0.422740  (       4      14)
          95    0.112262    0.386536  (       7      19)
          96    0.112304    0.454371  (       5       6)
          97    0.112607    0.422747  (       7      12)
          98    0.112849    0.476110  (       2       7)
          99    0.112984    0.384167  (       6      12)
         100    0.113076    0.475839  (       2       4)
