        Rank     LS_RMSE    LS_MaxAE  Feature_ID
           1    0.035017    0.083592  (       4      17      25      31      33      35)
           2    0.035017    0.083592  (       4      17      25      31      33      41)
           3    0.035052    0.083230  (       4      17      25      31      33      36)
           4    0.035052    0.083230  (       4      17      25      31      33      42)
           5    0.035139    0.083696  (       4      20      25      31      33      35)
           6    0.035139    0.083696  (       4      20      25      31      33      41)
           7    0.035175    0.083597  (       4      20      25      31      33      36)
           8    0.035175    0.083597  (       4      20      25      31      33      42)
           9    0.035327    0.085950  (       7      17      25      31      33      41)
          10    0.035327    0.085950  (       7      17      25      31      33      35)
          11    0.035366    0.085599  (       7      17      25      31      33      42)
          12    0.035366    0.085599  (       7      17      25      31      33      36)
          13    0.035548    0.081979  (       7      20      26      31      33      41)
          14    0.035548    0.081979  (       7      20      26      31      33      35)
          15    0.035575    0.081873  (       7      20      26      31      33      36)
          16    0.035575    0.081873  (       7      20      26      31      33      42)
          17    0.035635    0.081691  (       7      17      26      31      33      35)
          18    0.035635    0.081691  (       7      17      26      31      33      41)
          19    0.035638    0.083872  (       7      20      25      31      33      41)
          20    0.035638    0.083872  (       7      20      25      31      33      35)
          21    0.035663    0.081288  (       7      17      26      31      33      42)
          22    0.035663    0.081288  (       7      17      26      31      33      36)
          23    0.035678    0.083771  (       7      20      25      31      33      42)
          24    0.035678    0.083771  (       7      20      25      31      33      36)
          25    0.035700    0.082053  (       4      20      26      31      33      35)
          26    0.035700    0.082053  (       4      20      26      31      33      41)
          27    0.035724    0.081947  (       4      20      26      31      33      42)
          28    0.035724    0.081947  (       4      20      26      31      33      36)
          29    0.036014    0.080272  (       4      17      26      31      33      41)
          30    0.036014    0.080272  (       4      17      26      31      33      35)
          31    0.036037    0.079854  (       4      17      26      31      33      36)
          32    0.036037    0.079854  (       4      17      26      31      33      42)
          33    0.036209    0.077826  (       7      17      22      25      31      33)
          34    0.036478    0.077557  (       4      17      22      25      33      34)
          35    0.036486    0.079430  (       4      20      25      31      33      51)
          36    0.036486    0.079430  (       4      20      25      31      33      43)
          37    0.036500    0.078761  (       4      17      22      25      31      33)
          38    0.036516    0.075414  (       7      17      22      25      33      34)
          39    0.036544    0.086886  (       4      17      25      33      34      35)
          40    0.036544    0.086886  (       4      17      25      33      34      41)
          41    0.036552    0.086591  (       4      17      25      33      34      36)
          42    0.036552    0.086591  (       4      17      25      33      34      42)
          43    0.036673    0.084631  (       7      17      25      31      33      51)
          44    0.036673    0.084631  (       7      17      25      31      33      43)
          45    0.036684    0.082051  (       4      17      25      31      33      43)
          46    0.036684    0.082051  (       4      17      25      31      33      51)
          47    0.036706    0.079900  (       7      20      25      31      33      51)
          48    0.036706    0.079900  (       7      20      25      31      33      43)
          49    0.036718    0.083110  (       4      20      26      33      34      42)
          50    0.036718    0.083110  (       4      20      26      33      34      36)
          51    0.036720    0.083203  (       4      20      26      33      34      35)
          52    0.036720    0.083203  (       4      20      26      33      34      41)
          53    0.036759    0.083478  (       7      17      26      33      34      42)
          54    0.036759    0.083478  (       7      17      26      33      34      36)
          55    0.036760    0.083814  (       7      17      26      33      34      35)
          56    0.036760    0.083814  (       7      17      26      33      34      41)
          57    0.036799    0.083234  (       7      20      26      33      34      35)
          58    0.036799    0.083234  (       7      20      26      33      34      41)
          59    0.036799    0.083144  (       7      20      26      33      34      36)
          60    0.036799    0.083144  (       7      20      26      33      34      42)
          61    0.036851    0.085562  (       4      20      25      33      34      35)
          62    0.036851    0.085562  (       4      20      25      33      34      41)
          63    0.036862    0.085479  (       4      20      25      33      34      42)
          64    0.036862    0.085479  (       4      20      25      33      34      36)
          65    0.036883    0.081933  (       4      17      26      33      34      36)
          66    0.036883    0.081933  (       4      17      26      33      34      42)
          67    0.036887    0.082283  (       4      17      26      33      34      35)
          68    0.036887    0.082283  (       4      17      26      33      34      41)
          69    0.036947    0.080814  (       4      13      21      26      35      40)
          70    0.036947    0.080814  (       4      13      21      26      40      41)
          71    0.037019    0.107396  (       7      20      25      33      34      58)
          72    0.037044    0.085434  (       4      20      25      31      33      45)
          73    0.037044    0.085434  (       4      20      25      31      33      52)
          74    0.037101    0.080854  (       4      13      21      26      36      40)
          75    0.037101    0.080854  (       4      13      21      26      40      42)
          76    0.037125    0.104501  (       7      20      25      31      33      58)
          77    0.037129    0.082108  (       7      13      21      26      35      40)
          78    0.037129    0.082108  (       7      13      21      26      40      41)
          79    0.037141    0.089425  (       7      17      25      33      34      41)
          80    0.037141    0.089425  (       7      17      25      33      34      35)
          81    0.037152    0.089140  (       7      17      25      33      34      36)
          82    0.037152    0.089140  (       7      17      25      33      34      42)
          83    0.037213    0.083579  (       4      18      25      31      33      41)
          84    0.037213    0.083579  (       4      18      25      31      33      35)
          85    0.037232    0.077653  (       7      20      26      31      33      43)
          86    0.037232    0.077653  (       7      20      26      31      33      51)
          87    0.037267    0.083207  (       4      18      25      31      33      36)
          88    0.037267    0.083207  (       4      18      25      31      33      42)
          89    0.037269    0.085674  (       7      20      25      31      33      45)
          90    0.037269    0.085674  (       7      20      25      31      33      52)
          91    0.037296    0.082177  (       7      13      21      26      36      40)
          92    0.037296    0.082177  (       7      13      21      26      40      42)
          93    0.037330    0.082101  (       9      20      22      25      33      34)
          94    0.037354    0.086682  (       7      17      25      31      33      52)
          95    0.037354    0.086682  (       7      17      25      31      33      45)
          96    0.037356    0.084259  (       4      17      25      31      33      52)
          97    0.037356    0.084259  (       4      17      25      31      33      45)
          98    0.037443    0.081522  (       7      17      22      26      33      34)
          99    0.037455    0.075780  (       7      20      22      25      31      33)
         100    0.037463    0.082054  (       7      17      25      31      33      53)
