        Rank     LS_RMSE    LS_MaxAE  Feature_ID
           1    0.040443    0.100504  (       7      20      25      31      33)
           2    0.040455    0.105633  (       4      20      25      31      33)
           3    0.040842    0.102068  (       7      17      25      31      33)
           4    0.041091    0.107524  (       4      17      25      31      33)
           5    0.041419    0.106928  (       4      20      25      33      34)
           6    0.041459    0.112780  (       7      20      26      31      33)
           7    0.041698    0.102233  (       7      20      25      33      34)
           8    0.041818    0.108763  (       4      17      25      33      34)
           9    0.041886    0.103754  (       7      17      25      33      34)
          10    0.042015    0.114359  (       7      20      26      33      34)
          11    0.042105    0.117949  (       4      20      26      31      33)
          12    0.042288    0.114660  (       7      17      26      31      33)
          13    0.042412    0.119081  (       4      20      26      33      34)
          14    0.042681    0.116217  (       7      17      26      33      34)
          15    0.042788    0.102496  (       7      18      25      31      33)
          16    0.042837    0.108255  (       4      18      25      31      33)
          17    0.042856    0.080109  (       4      17      26      33      41)
          18    0.042856    0.080109  (       4      17      26      33      35)
          19    0.042959    0.087513  (       3      13      21      26      41)
          20    0.042959    0.087513  (       3      13      21      26      35)
          21    0.042983    0.080082  (       4      17      26      33      42)
          22    0.042983    0.080082  (       4      17      26      33      36)
          23    0.043052    0.087436  (       3      13      21      26      36)
          24    0.043052    0.087436  (       3      13      21      26      42)
          25    0.043136    0.090879  (       4      20      26      33      35)
          26    0.043136    0.090879  (       4      20      26      33      41)
          27    0.043141    0.095797  (       1      13      21      26      41)
          28    0.043141    0.095797  (       1      13      21      26      35)
          29    0.043190    0.120200  (       4      17      26      31      33)
          30    0.043233    0.093944  (       3      13      23      26      41)
          31    0.043233    0.093944  (       3      13      23      26      35)
          32    0.043241    0.095716  (       1      13      21      26      42)
          33    0.043241    0.095716  (       1      13      21      26      36)
          34    0.043263    0.093191  (       3      13      24      26      41)
          35    0.043263    0.093191  (       3      13      24      26      35)
          36    0.043264    0.090877  (       4      20      26      33      36)
          37    0.043264    0.090877  (       4      20      26      33      42)
          38    0.043322    0.121302  (       4      17      26      33      34)
          39    0.043327    0.099715  (       1      17      26      35      37)
          40    0.043327    0.099715  (       1      17      26      37      41)
          41    0.043331    0.093856  (       3      13      23      26      36)
          42    0.043331    0.093856  (       3      13      23      26      42)
          43    0.043362    0.093105  (       3      13      24      26      36)
          44    0.043362    0.093105  (       3      13      24      26      42)
          45    0.043399    0.099815  (       1      17      26      37      42)
          46    0.043399    0.099815  (       1      17      26      36      37)
          47    0.043453    0.102098  (       1      13      23      26      35)
          48    0.043453    0.102098  (       1      13      23      26      41)
          49    0.043454    0.094126  (       1      18      26      35      37)
          50    0.043454    0.094126  (       1      18      26      37      41)
          51    0.043484    0.101343  (       1      13      24      26      35)
          52    0.043484    0.101343  (       1      13      24      26      41)
          53    0.043559    0.102007  (       1      13      23      26      42)
          54    0.043559    0.102007  (       1      13      23      26      36)
          55    0.043571    0.094272  (       1      18      26      37      42)
          56    0.043571    0.094272  (       1      18      26      36      37)
          57    0.043589    0.101252  (       1      13      24      26      42)
          58    0.043589    0.101252  (       1      13      24      26      36)
          59    0.043697    0.095758  (       3      18      26      35      37)
          60    0.043697    0.095758  (       3      18      26      37      41)
          61    0.043806    0.095906  (       3      18      26      36      37)
          62    0.043806    0.095906  (       3      18      26      37      42)
          63    0.043833    0.101791  (       1      17      25      37      41)
          64    0.043833    0.101791  (       1      17      25      35      37)
          65    0.043837    0.101196  (       3      17      26      37      41)
          66    0.043837    0.101196  (       3      17      26      35      37)
          67    0.043844    0.115183  (       2       9      18      22      37)
          68    0.043858    0.105218  (       3      13      26      29      35)
          69    0.043858    0.105218  (       3      13      26      29      41)
          70    0.043900    0.101299  (       3      17      26      37      42)
          71    0.043900    0.101299  (       3      17      26      36      37)
          72    0.043925    0.101932  (       1      17      25      37      42)
          73    0.043925    0.101932  (       1      17      25      36      37)
          74    0.043935    0.084579  (       7      17      26      33      41)
          75    0.043935    0.084579  (       7      17      26      33      35)
          76    0.043937    0.105121  (       3      13      26      29      42)
          77    0.043937    0.105121  (       3      13      26      29      36)
          78    0.043942    0.103250  (       3      17      25      37      41)
          79    0.043942    0.103250  (       3      17      25      35      37)
          80    0.043964    0.109678  (       4      18      25      33      34)
          81    0.043972    0.115099  (       7      18      26      31      33)
          82    0.044003    0.108734  (       3      13      26      30      41)
          83    0.044003    0.108734  (       3      13      26      30      35)
          84    0.044024    0.103393  (       3      17      25      37      42)
          85    0.044024    0.103393  (       3      17      25      36      37)
          86    0.044071    0.084543  (       7      17      26      33      36)
          87    0.044071    0.084543  (       7      17      26      33      42)
          88    0.044081    0.108634  (       3      13      26      30      36)
          89    0.044081    0.108634  (       3      13      26      30      42)
          90    0.044113    0.113331  (       1      13      26      29      41)
          91    0.044113    0.113331  (       1      13      26      29      35)
          92    0.044116    0.098459  (       3      18      25      37      41)
          93    0.044116    0.098459  (       3      18      25      35      37)
          94    0.044143    0.105585  (       2       7      18      22      37)
          95    0.044170    0.102589  (       3      13      26      27      41)
          96    0.044170    0.102589  (       3      13      26      27      35)
          97    0.044174    0.102033  (       3      13      21      25      35)
          98    0.044174    0.102033  (       3      13      21      25      41)
          99    0.044200    0.113231  (       1      13      26      29      36)
         100    0.044200    0.113231  (       1      13      26      29      42)
