    0.93170E-01    0.33048E-03    0.70120E+00    0.95610E+00    0.19241E-02    0.70120E+00    0.70120E+00    0.12496E-02    0.64520E+00    0.34166E-03    0.70120E+00
    0.75630E-01    0.90127E-03    0.99100E+00    0.96548E+00    0.28815E-02    0.99100E+00    0.99100E+00    0.29039E-02    0.94710E+00    0.92874E-03    0.99100E+00
    0.53470E-01    0.12243E-03    0.33420E+00    0.97640E+00    0.13609E-02    0.33420E+00    0.33420E+00    0.54870E-03    0.30430E+00    0.12569E-03    0.33420E+00
    0.45230E-01    0.29260E-03    0.11632E+01    0.66356E+00    0.17036E-02    0.16728E+01    0.11632E+01    0.11063E-02    0.15831E+01    0.53519E-03    0.16728E+01
    0.12973E+00    0.76461E-03    0.11632E+01    0.58954E+00    0.24446E-02    0.15648E+01    0.11632E+01    0.24636E-02    0.16939E+01    0.14548E-02    0.15648E+01
   -0.81920E-02    0.11003E-03    0.11632E+01    0.70864E+00    0.12230E-02    0.17884E+01    0.11632E+01    0.49310E-03    0.15196E+01    0.19689E-03    0.17884E+01
   -0.40124E-01    0.12623E-03    0.39061E+01    0.10700E+01    0.14030E-02    0.39061E+01    0.44653E+01    0.56571E-03    0.40803E+01    0.11911E-04    0.44653E+01
   -0.23922E+00   -0.35454E+00    0.93920E+00   -0.72531E+04   -0.30246E+00    0.93920E+00    0.93920E+00   -0.35454E+00    0.82520E+00    0.53583E+01    0.93920E+00
    0.20625E+00   -0.16289E-01    0.21740E+00   -0.28378E+03   -0.30423E-01    0.21740E+00    0.21740E+00   -0.44278E-01    0.25980E+00    0.72517E+00    0.21740E+00
    0.47220E-01    0.32455E-03    0.83850E+00    0.90556E+00    0.18896E-02    0.83850E+00    0.83850E+00    0.12271E-02    0.91440E+00    0.56804E-03    0.83850E+00
    0.10120E-01    0.88691E-03    0.40110E+00    0.92008E+00    0.28356E-02    0.40110E+00    0.40110E+00    0.28576E-02    0.46500E+00    0.15441E-02    0.40110E+00
    0.28400E-01    0.12108E-03    0.12675E+01    0.94437E+00    0.13458E-02    0.12675E+01    0.12675E+01    0.54263E-03    0.13116E+01    0.20897E-03    0.12675E+01
   -0.11748E+00    0.12632E-03    0.42545E+01    0.10723E+01    0.14041E-02    0.42545E+01    0.42545E+01    0.56611E-03    0.43049E+01   -0.16928E-03    0.42545E+01
   -0.66820E-01    0.30369E-03    0.21277E+01    0.74195E+00    0.17682E-02    0.21277E+01    0.21277E+01    0.11483E-02    0.23564E+01    0.69379E-03    0.21277E+01
   -0.95540E-01    0.78697E-03    0.11027E+01    0.64277E+00    0.25161E-02    0.11027E+01    0.11027E+01    0.25356E-02    0.14335E+01    0.18859E-02    0.11027E+01
   -0.59830E-01    0.12846E-03    0.50536E+01    0.11279E+01    0.14279E-02    0.50536E+01    0.50536E+01    0.57573E-03    0.51816E+01   -0.66148E-04    0.50536E+01
    0.12626E+00    0.39715E-04    0.87440E+00    0.33329E-01    0.44145E-03    0.87440E+00    0.87440E+00    0.17799E-03    0.12670E+01    0.74300E-03    0.87440E+00
   -0.42650E-01    0.25124E-02    0.76340E+00    0.25812E-02    0.21434E-02    0.76340E+00    0.76340E+00    0.25124E-02    0.93260E+00    0.16286E+00    0.76340E+00
   -0.23600E-01    0.18038E-02    0.24290E+01    0.38534E+00    0.33689E-02    0.24290E+01    0.24290E+01    0.49031E-02    0.24824E+01    0.22041E-01    0.24290E+01
   -0.25950E-01    0.16460E-01    0.14856E+01    0.72584E+00    0.14042E-01    0.14856E+01    0.14856E+01    0.16460E-01    0.13485E+01   -0.25739E-01    0.14856E+01
   -0.40180E-01    0.24412E-02    0.35420E+01    0.95524E+00    0.45595E-02    0.35420E+01    0.35420E+01    0.66359E-02    0.35215E+01   -0.34833E-02    0.35420E+01
   -0.97190E-01    0.11361E-03    0.21906E+01    0.78014E+00    0.12628E-02    0.21906E+01    0.21906E+01    0.50915E-03    0.23299E+01    0.32725E-03    0.21906E+01
    0.43740E-01    0.30403E-03    0.21817E+01    0.74438E+00    0.17701E-02    0.21817E+01    0.21817E+01    0.11495E-02    0.23208E+01    0.73183E-03    0.21817E+01
    0.46660E-01    0.11180E-03    0.22113E+01    0.74355E+00    0.12427E-02    0.22113E+01    0.22113E+01    0.50107E-03    0.23509E+01    0.26923E-03    0.22113E+01
   -0.52236E-01    0.29520E-03    0.30178E+01    0.68139E+00    0.17187E-02    0.30178E+01    0.30178E+01    0.11161E-02    0.32995E+01    0.70583E-03    0.30178E+01
   -0.38580E-01    0.75797E-03    0.25774E+01    0.57431E+00    0.24234E-02    0.25774E+01    0.25774E+01    0.24422E-02    0.29735E+01    0.19187E-02    0.25774E+01
   -0.62218E-01    0.11032E-03    0.30562E+01    0.71427E+00    0.12262E-02    0.30760E+01    0.30562E+01    0.49440E-03    0.33052E+01    0.25966E-03    0.30760E+01
   -0.22840E-01    0.31442E-03    0.18029E+01    0.82336E+00    0.18306E-02    0.18029E+01    0.18029E+01    0.11888E-02    0.19132E+01    0.61737E-03    0.18029E+01
    0.33940E-01    0.81142E-03    0.76670E+00    0.70457E+00    0.25943E-02    0.76670E+00    0.76670E+00    0.26144E-02    0.96040E+00    0.16782E-02    0.76670E+00
    0.54600E-02    0.11556E-03    0.20579E+01    0.82111E+00    0.12845E-02    0.20579E+01    0.20579E+01    0.51791E-03    0.21697E+01    0.22712E-03    0.20579E+01
   -0.22370E-01    0.11432E-03    0.15289E+01    0.79489E+00    0.12707E-02    0.15289E+01    0.15289E+01    0.51234E-03    0.16405E+01    0.30153E-03    0.15289E+01
    0.29000E-02    0.12285E-03    0.29915E+01    0.98636E+00    0.13655E-02    0.29915E+01    0.29915E+01    0.55056E-03    0.29810E+01   -0.17493E-03    0.29915E+01
   -0.64230E-01    0.16815E-01    0.17324E+01    0.77381E+00    0.14345E-01    0.17324E+01    0.17324E+01    0.16815E-01    0.15884E+01   -0.24378E-01    0.17324E+01
   -0.39830E-01    0.24513E-02    0.40020E+01    0.96709E+00    0.45783E-02    0.40020E+01    0.40020E+01    0.66632E-02    0.39825E+01   -0.32992E-02    0.40020E+01
   -0.50910E-01    0.11027E-03    0.21800E+01    0.71338E+00    0.12257E-02    0.21800E+01    0.21800E+01    0.49419E-03    0.22318E+01    0.77980E-03    0.21800E+01
   -0.87690E-01    0.12747E-03    0.22602E+01    0.11021E+01    0.14169E-02    0.22602E+01    0.22602E+01    0.57130E-03    0.23119E+01   -0.22320E-03    0.22602E+01
    0.20968E+00    0.16877E-01    0.16500E+00    0.78241E+00    0.14398E-01    0.16500E+00    0.16500E+00    0.16877E-01    0.25680E+00   -0.27136E-01    0.16500E+00
    0.31710E-01    0.23867E-02    0.24192E+01    0.89270E+00    0.44577E-02    0.24192E+01    0.24192E+01    0.64878E-02    0.23758E+01   -0.36724E-02    0.24192E+01
    0.11128E+00    0.19763E+00    0.12658E+01    0.12562E+04    0.16859E+00    0.12658E+01    0.12658E+01    0.19763E+00    0.15223E+01   -0.18725E+01    0.12658E+01
   -0.40890E-01    0.15610E-01    0.28766E+01    0.24977E+03    0.29156E-01    0.28766E+01    0.28766E+01    0.42434E-01    0.30154E+01   -0.25342E+00    0.28766E+01
    0.79850E-01    0.12166E-03    0.35233E+01    0.95804E+00    0.13523E-02    0.35233E+01    0.35233E+01    0.54524E-03    0.34865E+01   -0.11704E-03    0.35233E+01
    0.17656E-01    0.12269E-03    0.24315E+01    0.98255E+00    0.13637E-02    0.24315E+01    0.32715E+01    0.54985E-03    0.23925E+01    0.12028E-04    0.32715E+01
   -0.59770E-01    0.12985E-03    0.26509E+01    0.11649E+01    0.14433E-02    0.26509E+01    0.26509E+01    0.58195E-03    0.27416E+01   -0.19511E-03    0.26509E+01
