        Rank     LS_RMSE    LS_MaxAE  Feature_ID
           1    0.049094    0.136370  (       1      14      23      34)
           2    0.049300    0.141409  (       2      14      24      34)
           3    0.049414    0.131249  (       2      14      23      34)
           4    0.049733    0.146587  (       1      14      24      34)
           5    0.051027    0.146095  (       4      14      21      26)
           6    0.051060    0.146435  (       4      14      21      25)
           7    0.051769    0.124900  (       2      14      23      39)
           8    0.051937    0.147436  (       2      11      21      34)
           9    0.051979    0.152529  (       4      17      22      24)
          10    0.051981    0.146558  (       2      13      21      34)
          11    0.051995    0.125418  (       6      17      21      22)
          12    0.052048    0.152313  (       4      14      21      22)
          13    0.052177    0.113421  (       1      12      23      39)
          14    0.052214    0.152619  (       4      17      24      30)
          15    0.052273    0.153937  (       4      17      24      27)
          16    0.052296    0.121991  (       2      14      23      35)
          17    0.052305    0.152199  (       4      17      24      25)
          18    0.052322    0.152159  (       4      17      24      26)
          19    0.052330    0.143187  (       4      14      21      30)
          20    0.052495    0.153513  (       4      17      24      29)
          21    0.052541    0.143115  (       4      14      21      29)
          22    0.052597    0.136696  (       1      17      24      33)
          23    0.052691    0.147979  (       4      17      22      23)
          24    0.052694    0.147142  (       2      14      24      25)
          25    0.052707    0.147145  (       2      14      24      26)
          26    0.052709    0.146537  (       1      11      21      34)
          27    0.052722    0.123249  (       1      14      23      39)
          28    0.052773    0.145668  (       1      13      21      34)
          29    0.052838    0.115478  (       2      12      23      39)
          30    0.052866    0.129992  (       4      17      21      22)
          31    0.052920    0.144390  (       1      17      24      37)
          32    0.052948    0.147868  (       4      17      23      30)
          33    0.052953    0.149304  (       4      17      23      27)
          34    0.052964    0.124729  (       6      17      21      25)
          35    0.052968    0.147465  (       4      17      23      25)
          36    0.052976    0.147401  (       4      17      23      26)
          37    0.052994    0.125063  (       4      17      21      27)
          38    0.053005    0.112588  (       1      17      24      31)
          39    0.053012    0.117177  (       1      12      24      39)
          40    0.053034    0.112228  (       2      12      24      39)
          41    0.053056    0.124625  (       6      17      21      26)
          42    0.053058    0.112612  (       1      17      24      32)
          43    0.053141    0.148761  (       4      17      23      29)
          44    0.053143    0.146715  (       4      14      21      27)
          45    0.053191    0.152789  (       2      13      23      34)
          46    0.053200    0.131572  (       2      14      24      39)
          47    0.053206    0.140199  (       2      14      23      26)
          48    0.053210    0.140005  (       2      14      23      25)
          49    0.053293    0.122201  (       1      14      23      35)
          50    0.053340    0.144398  (       2      17      24      37)
          51    0.053397    0.143030  (       1      14      23      25)
          52    0.053404    0.142991  (       1      14      23      26)
          53    0.053432    0.152505  (       2      11      23      34)
          54    0.053484    0.160449  (       2      13      24      34)
          55    0.053491    0.152115  (       1      14      24      25)
          56    0.053516    0.152108  (       1      14      24      26)
          57    0.053630    0.160030  (       2      11      24      34)
          58    0.053645    0.148770  (       2      14      24      30)
          59    0.053646    0.123185  (       4      17      21      29)
          60    0.053711    0.126275  (       6      17      21      30)
          61    0.053737    0.123323  (       4      17      21      30)
          62    0.053743    0.127377  (       4      17      21      25)
          63    0.053743    0.130598  (       2      14      24      35)
          64    0.053764    0.110759  (       1      12      23      35)
          65    0.053764    0.134304  (       1      17      24      34)
          66    0.053769    0.145699  (       1      17      23      37)
          67    0.053817    0.139413  (       2      17      24      33)
          68    0.053822    0.113072  (       1      17      24      40)
          69    0.053823    0.127144  (       4      17      21      26)
          70    0.053977    0.157550  (       1      13      23      34)
          71    0.054052    0.149136  (       4      17      24      34)
          72    0.054100    0.132822  (       1      17      24      35)
          73    0.054107    0.113194  (       2      17      24      31)
          74    0.054110    0.139657  (       2      14      23      30)
          75    0.054139    0.149659  (       2      14      24      29)
          76    0.054155    0.147587  (       2      14      22      24)
          77    0.054163    0.138128  (       1      17      23      33)
          78    0.054171    0.113216  (       2      17      24      32)
          79    0.054193    0.157320  (       1      11      23      34)
          80    0.054290    0.139250  (       6      17      21      27)
          81    0.054303    0.114801  (       2      17      24      36)
          82    0.054331    0.120087  (       1      17      24      36)
          83    0.054383    0.112742  (       2      12      23      35)
          84    0.054388    0.144611  (       1      14      23      30)
          85    0.054430    0.111734  (       2      17      24      40)
          86    0.054486    0.134760  (       1      17      24      39)
          87    0.054501    0.140557  (       2      14      23      29)
          88    0.054522    0.126447  (       1      17      24      38)
          89    0.054530    0.153779  (       1      14      24      30)
          90    0.054542    0.116850  (       1      12      24      35)
          91    0.054546    0.111583  (       2      12      24      35)
          92    0.054668    0.149912  (       2      14      24      27)
          93    0.054695    0.136355  (       1      14      24      39)
          94    0.054719    0.134833  (       2      17      24      35)
          95    0.054721    0.138824  (       2      14      22      23)
          96    0.054726    0.146098  (       2      17      23      37)
          97    0.054746    0.165392  (       1      13      24      34)
          98    0.054783    0.137525  (       6      17      21      29)
          99    0.054850    0.143699  (       2      11      23      33)
         100    0.054869    0.165034  (       1      11      24      34)
