        Rank     LS_RMSE    LS_MaxAE  Feature_ID
           1    0.121253    0.492843  (       1)
           2    0.122024    0.495526  (       2)
           3    0.122096    0.457346  (       3)
           4    0.122344    0.478745  (       4)
           5    0.122585    0.458941  (       5)
           6    0.122650    0.486054  (       6)
           7    0.122906    0.475583  (       7)
           8    0.123251    0.416930  (       8)
           9    0.123716    0.395408  (       9)
          10    0.123750    0.483982  (      10)
