        Rank     LS_RMSE    LS_MaxAE  Feature_ID
           1    0.034595    0.086323  (       1      14      23      34      44      52)
           2    0.034719    0.086123  (       2      14      24      34      44      52)
           3    0.034782    0.089213  (       2      14      23      34      44      52)
           4    0.034913    0.087142  (       1      14      23      34      44      58)
           5    0.034970    0.086983  (       2      14      24      34      44      58)
           6    0.035142    0.090096  (       2      14      23      34      44      58)
           7    0.035234    0.081290  (       2      14      21      23      25      40)
           8    0.035277    0.081554  (       2      14      21      23      26      40)
           9    0.035287    0.089813  (       2      14      23      34      47      52)
          10    0.035332    0.082769  (       1      14      24      34      44      52)
          11    0.035541    0.083557  (       1      14      24      34      44      58)
          12    0.035573    0.090543  (       2      14      23      34      47      58)
          13    0.035778    0.085748  (       2      14      21      24      25      40)
          14    0.035840    0.086006  (       2      14      21      24      26      40)
          15    0.035940    0.087840  (       1      14      23      34      47      52)
          16    0.035973    0.078756  (       2      14      21      22      23      40)
          17    0.036011    0.082859  (       1      14      21      23      25      40)
          18    0.036068    0.083121  (       1      14      21      23      26      40)
          19    0.036141    0.098062  (       1      14      23      34      48      52)
          20    0.036176    0.088505  (       1      14      23      34      47      58)
          21    0.036232    0.096989  (       2      14      24      34      48      52)
          22    0.036322    0.098512  (       1      14      23      34      48      58)
          23    0.036326    0.082829  (       2      14      21      23      34      40)
          24    0.036328    0.097438  (       2      14      24      34      48      58)
          25    0.036348    0.084430  (       1      14      21      23      34      40)
          26    0.036363    0.087016  (       2      14      24      34      47      52)
          27    0.036375    0.101218  (       2      14      23      34      48      52)
          28    0.036479    0.083092  (       2      14      21      22      24      40)
          29    0.036525    0.087692  (       2      14      24      34      47      58)
          30    0.036590    0.101716  (       2      14      23      34      48      58)
          31    0.036593    0.078825  (       1      14      21      28      34      44)
          32    0.036641    0.081366  (       1      14      21      28      34      47)
          33    0.036665    0.104086  (       1      14      23      34      42      52)
          34    0.036740    0.076326  (       2      13      21      23      34      40)
          35    0.036747    0.081260  (       2      14      21      28      34      47)
          36    0.036751    0.104620  (       2      14      24      34      42      52)
          37    0.036803    0.100735  (       1      14      24      34      42      52)
          38    0.036807    0.104411  (       1      14      23      34      42      58)
          39    0.036841    0.083462  (       1      14      23      34      44      53)
          40    0.036853    0.104988  (       2      14      24      34      42      58)
          41    0.036867    0.080358  (       1      14      21      22      23      40)
          42    0.036872    0.094650  (       2      13      24      34      42      51)
          43    0.036881    0.101061  (       1      14      24      34      42      58)
          44    0.036933    0.097697  (       1      14      24      34      42      56)
          45    0.036938    0.074924  (       2      11      21      23      34      40)
          46    0.036940    0.098135  (       1      14      24      34      42      59)
          47    0.036959    0.097737  (       1      14      24      34      42      57)
          48    0.036959    0.098163  (       1      14      24      34      42      60)
          49    0.036970    0.100816  (       2      14      23      34      45      52)
          50    0.036972    0.100984  (       1      14      24      34      42      54)
          51    0.037000    0.087642  (       2      14      21      24      34      40)
          52    0.037009    0.101038  (       1      14      24      34      42      55)
          53    0.037017    0.076628  (       2      14      21      28      34      40)
          54    0.037055    0.090049  (       1      13      24      34      42      51)
          55    0.037079    0.101775  (       2      14      23      34      50      52)
          56    0.037086    0.091524  (       1      14      23      34      48      53)
          57    0.037113    0.093705  (       1      14      24      34      48      52)
          58    0.037121    0.086770  (       1      14      21      24      25      40)
          59    0.037146    0.101253  (       2      14      23      34      45      58)
          60    0.037151    0.104402  (       1      14      24      34      42      51)
          61    0.037153    0.095362  (       2      11      24      34      42      51)
          62    0.037178    0.094095  (       1      14      24      34      48      58)
          63    0.037192    0.107847  (       1      14      21      24      34      42)
          64    0.037194    0.087029  (       1      14      21      24      26      40)
          65    0.037211    0.083815  (       2      14      24      34      44      53)
          66    0.037225    0.104874  (       2      14      23      34      41      52)
          67    0.037257    0.090967  (       1      14      21      23      31      34)
          68    0.037257    0.090967  (       1      14      21      23      34      46)
          69    0.037259    0.090439  (       2      14      21      24      34      46)
          70    0.037259    0.090439  (       2      14      21      24      31      34)
          71    0.037280    0.109007  (       1      14      21      23      34      41)
          72    0.037290    0.090714  (       1      11      24      34      42      51)
          73    0.037295    0.097671  (       1      14      23      34      42      53)
          74    0.037297    0.102279  (       2      14      23      34      50      58)
          75    0.037328    0.085100  (       1      14      21      28      34      41)
          76    0.037338    0.098333  (       2      13      21      24      34      42)
          77    0.037343    0.102933  (       1      14      21      23      34      47)
          78    0.037349    0.087650  (       1      14      21      28      34      42)
          79    0.037359    0.083188  (       2      14      21      28      34      44)
          80    0.037361    0.086287  (       2      14      23      34      44      53)
          81    0.037370    0.105214  (       2      14      23      34      41      58)
          82    0.037393    0.110934  (       1      14      21      23      34      42)
          83    0.037395    0.092701  (       1      13      23      34      42      51)
          84    0.037400    0.091113  (       1      14      21      23      32      34)
          85    0.037400    0.091113  (       1      14      21      23      34      49)
          86    0.037402    0.090566  (       2      14      21      24      34      49)
          87    0.037402    0.090566  (       2      14      21      24      32      34)
          88    0.037407    0.099162  (       1      14      23      34      50      52)
          89    0.037424    0.086972  (       1      14      21      24      31      34)
          90    0.037424    0.086972  (       1      14      21      24      34      46)
          91    0.037424    0.098333  (       1      14      23      34      45      52)
          92    0.037428    0.091251  (       2      14      24      34      48      53)
          93    0.037444    0.086852  (       2      14      23      34      47      53)
          94    0.037447    0.107601  (       2      14      23      34      42      52)
          95    0.037451    0.103791  (       1      14      21      23      34      44)
          96    0.037453    0.102147  (       1      14      23      34      41      52)
          97    0.037458    0.080458  (       1      14      24      34      44      53)
          98    0.037462    0.100345  (       1      14      21      24      34      44)
          99    0.037471    0.094999  (       1      14      24      34      42      53)
         100    0.037475    0.101879  (       1      14      23      34      42      56)
