        Rank     LS_RMSE    LS_MaxAE  Feature_ID
           1    0.040302    0.106804  (       1      14      24      34      42)
           2    0.040690    0.110347  (       1      14      23      34      42)
           3    0.040739    0.108005  (       1      14      23      34      41)
           4    0.040751    0.111026  (       2      14      24      34      42)
           5    0.040983    0.107954  (       2      14      24      34      41)
           6    0.041052    0.118694  (       2      14      24      26      48)
           7    0.041107    0.118571  (       2      14      24      25      48)
           8    0.041256    0.111323  (       2      14      23      34      41)
           9    0.041288    0.104662  (       1      14      24      34      44)
          10    0.041292    0.104225  (       1      14      24      34      41)
          11    0.041328    0.109103  (       1      14      23      34      47)
          12    0.041353    0.114334  (       1      14      23      34      43)
          13    0.041365    0.116654  (       1      14      23      34      44)
          14    0.041372    0.106972  (       2      14      24      34      48)
          15    0.041429    0.112171  (       2      14      24      34      44)
          16    0.041439    0.102993  (       1      14      24      34      48)
          17    0.041458    0.107851  (       1      14      23      34      48)
          18    0.041523    0.085154  (       2      14      24      31      34)
          19    0.041523    0.085154  (       2      14      24      34      46)
          20    0.041544    0.114874  (       1      14      24      26      48)
          21    0.041550    0.096836  (       2      13      24      34      42)
          22    0.041583    0.114746  (       1      14      24      25      48)
          23    0.041585    0.103237  (       2      14      24      34      47)
          24    0.041655    0.106748  (       1      14      23      34      45)
          25    0.041688    0.085222  (       2      14      24      32      34)
          26    0.041688    0.085222  (       2      14      24      34      49)
          27    0.041700    0.114239  (       2      14      24      34      43)
          28    0.041701    0.097548  (       2      11      24      34      42)
          29    0.041711    0.120213  (       2      14      23      34      47)
          30    0.041752    0.120882  (       1      14      24      26      42)
          31    0.041777    0.124943  (       2      14      24      26      42)
          32    0.041781    0.086470  (       1      14      23      34      46)
          33    0.041781    0.086470  (       1      14      23      31      34)
          34    0.041828    0.117618  (       2      14      23      34      43)
          35    0.041841    0.120761  (       1      14      24      25      42)
          36    0.041859    0.105858  (       2      14      24      34      45)
          37    0.041879    0.124826  (       2      14      24      25      42)
          38    0.041894    0.107830  (       1      14      23      34      50)
          39    0.041933    0.117554  (       2      14      24      26      45)
          40    0.041934    0.081584  (       1      14      24      34      46)
          41    0.041934    0.081584  (       1      14      24      31      34)
          42    0.041946    0.118662  (       2      14      24      26      50)
          43    0.041946    0.114215  (       2      14      23      34      42)
          44    0.041952    0.086571  (       1      14      23      34      49)
          45    0.041952    0.086571  (       1      14      23      32      34)
          46    0.041961    0.113702  (       2      14      24      26      44)
          47    0.041964    0.106977  (       2      14      24      34      50)
          48    0.041974    0.117428  (       2      14      24      25      45)
          49    0.041978    0.096789  (       1      14      24      34      47)
          50    0.041986    0.118534  (       2      14      24      25      50)
          51    0.042044    0.110567  (       1      14      24      34      43)
          52    0.042081    0.113660  (       2      14      24      25      44)
          53    0.042083    0.081619  (       1      14      24      34      49)
          54    0.042083    0.081619  (       1      14      24      32      34)
          55    0.042095    0.098989  (       2      13      23      34      42)
          56    0.042095    0.097974  (       2      13      24      34      48)
          57    0.042104    0.111298  (       2      14      23      34      45)
          58    0.042112    0.121453  (       2      14      24      26      41)
          59    0.042137    0.115729  (       2      14      22      24      48)
          60    0.042138    0.092471  (       1      13      24      34      42)
          61    0.042165    0.094999  (       1      13      23      34      42)
          62    0.042189    0.089591  (       2      14      23      31      34)
          63    0.042189    0.089591  (       2      14      23      34      46)
          64    0.042194    0.121343  (       2      14      24      25      41)
          65    0.042222    0.109760  (       1      14      24      26      44)
          66    0.042248    0.093138  (       1      11      24      34      42)
          67    0.042279    0.112165  (       2      14      24      26      47)
          68    0.042284    0.124988  (       2      14      23      34      44)
          69    0.042290    0.099708  (       2      11      24      34      48)
          70    0.042290    0.119412  (       1      14      23      26      48)
          71    0.042329    0.109711  (       1      14      24      25      44)
          72    0.042336    0.099565  (       2      11      23      34      42)
          73    0.042350    0.119260  (       1      14      23      25      48)
          74    0.042366    0.095536  (       1      11      23      34      42)
          75    0.042374    0.089730  (       2      14      23      34      49)
          76    0.042374    0.089730  (       2      14      23      32      34)
          77    0.042378    0.102332  (       1      14      24      34      45)
          78    0.042379    0.103352  (       1      14      24      34      50)
          79    0.042379    0.112114  (       2      14      24      25      47)
          80    0.042392    0.116775  (       2      14      23      34      48)
          81    0.042396    0.118670  (       1      14      21      23      34)
          82    0.042440    0.114262  (       2      14      23      34      50)
          83    0.042496    0.110219  (       2      13      23      34      48)
          84    0.042613    0.091850  (       2      12      23      36      39)
          85    0.042634    0.121813  (       2      14      24      29      42)
          86    0.042659    0.111859  (       1      14      22      24      48)
          87    0.042660    0.121584  (       2      14      23      26      45)
          88    0.042664    0.123821  (       1      14      23      26      42)
          89    0.042666    0.113504  (       2      14      24      30      48)
          90    0.042711    0.123020  (       2      14      23      26      48)
          91    0.042717    0.102920  (       1      14      23      34      38)
          92    0.042717    0.102154  (       2      14      24      34      38)
          93    0.042726    0.121433  (       2      14      23      25      45)
          94    0.042749    0.119127  (       2      14      21      24      34)
          95    0.042764    0.124384  (       2      14      23      26      41)
          96    0.042764    0.123680  (       1      14      23      25      42)
          97    0.042784    0.116042  (       2      14      24      29      48)
          98    0.042785    0.122872  (       2      14      23      25      48)
          99    0.042785    0.119246  (       2      14      24      30      42)
         100    0.042787    0.115104  (       2      14      23      26      47)
