        Rank     LS_RMSE    LS_MaxAE  Feature_ID
           1    0.084457    0.259101  (       4      17)
           2    0.085082    0.258750  (       6      17)
           3    0.090113    0.320721  (       6      12)
           4    0.090187    0.325709  (       4      12)
           5    0.091312    0.231658  (       2      11)
           6    0.091594    0.233998  (       2      13)
           7    0.091782    0.209694  (       1      12)
           8    0.092085    0.228916  (       1      11)
           9    0.092337    0.222582  (       2      12)
          10    0.092369    0.231209  (       1      13)
          11    0.092428    0.199572  (       1      17)
          12    0.093071    0.267209  (       8      17)
          13    0.093149    0.212404  (       2      17)
          14    0.093214    0.225392  (       2      14)
          15    0.093467    0.225230  (       1      14)
          16    0.094651    0.209749  (       1      15)
          17    0.094771    0.288635  (       4      14)
          18    0.095221    0.230716  (       2      15)
          19    0.095652    0.218216  (       1      16)
          20    0.095669    0.210337  (       1      18)
          21    0.096213    0.256197  (       3      17)
          22    0.096229    0.231322  (       2      18)
          23    0.096303    0.239792  (       2      16)
          24    0.096354    0.345582  (       4      11)
          25    0.096633    0.347304  (       4      13)
          26    0.096728    0.257598  (       5      17)
          27    0.096833    0.276492  (       9      17)
          28    0.096848    0.257816  (      10      12)
          29    0.097002    0.315019  (       6      15)
          30    0.097013    0.239458  (       3      12)
          31    0.097043    0.278778  (       7      12)
          32    0.097173    0.223875  (       1      19)
          33    0.097259    0.320057  (       4      15)
          34    0.097354    0.240890  (       5      12)
          35    0.097880    0.245824  (       2      19)
          36    0.097888    0.214331  (       1      20)
          37    0.098262    0.315097  (       6      18)
          38    0.098409    0.301153  (       8      12)
          39    0.098485    0.320126  (       4      18)
          40    0.098566    0.236955  (       2      20)
          41    0.098618    0.235615  (       3      15)
          42    0.098881    0.273374  (      10      17)
          43    0.098895    0.255596  (       7      17)
          44    0.098949    0.237066  (       5      15)
          45    0.099286    0.235711  (       3      18)
          46    0.099459    0.230093  (       5      11)
          47    0.099604    0.237169  (       5      18)
          48    0.099607    0.230116  (       5      13)
          49    0.099678    0.253916  (       5      14)
          50    0.099682    0.228628  (       3      16)
          51    0.099965    0.254190  (      10      15)
          52    0.099992    0.307318  (       6      16)
          53    0.100063    0.252103  (       3      14)
          54    0.100081    0.230082  (       5      16)
          55    0.100201    0.247668  (      10      16)
          56    0.100251    0.228698  (       3      11)
          57    0.100403    0.228726  (       3      13)
          58    0.100425    0.312525  (       4      16)
          59    0.100639    0.263476  (       7      16)
          60    0.100780    0.272267  (       7      15)
          61    0.101083    0.224314  (       3      19)
          62    0.101120    0.254255  (      10      18)
          63    0.101268    0.243604  (      10      19)
          64    0.101324    0.317017  (       4      20)
          65    0.101393    0.297655  (       9      12)
          66    0.101423    0.257915  (       7      19)
          67    0.101528    0.225778  (       5      19)
          68    0.101771    0.311533  (       6      20)
          69    0.102089    0.272219  (       7      18)
          70    0.102207    0.325754  (       6      19)
          71    0.102328    0.283881  (       6      14)
          72    0.102670    0.330206  (       4      19)
          73    0.103124    0.242006  (       3      20)
          74    0.103548    0.243566  (       5      20)
          75    0.104078    0.250495  (      10      11)
          76    0.104094    0.252528  (      10      13)
          77    0.104383    0.269397  (      10      14)
          78    0.104576    0.289894  (       7      20)
          79    0.104719    0.294780  (       8      15)
          80    0.104771    0.261886  (      10      20)
          81    0.105738    0.294657  (       8      18)
          82    0.105797    0.282493  (       8      14)
          83    0.106191    0.279545  (       7      14)
          84    0.106737    0.293452  (       7      11)
          85    0.106804    0.295159  (       7      13)
          86    0.106862    0.334915  (       6      11)
          87    0.106865    0.336513  (       6      13)
          88    0.107293    0.315833  (       8      11)
          89    0.107304    0.286939  (       8      16)
          90    0.107431    0.291012  (       9      15)
          91    0.107441    0.317395  (       8      13)
          92    0.108330    0.291903  (       9      14)
          93    0.108421    0.290794  (       9      18)
          94    0.108868    0.311698  (       9      11)
          95    0.108941    0.312642  (       8      19)
          96    0.109018    0.313226  (       9      13)
          97    0.109169    0.288971  (       8      20)
          98    0.109649    0.283225  (       9      16)
          99    0.110905    0.449362  (       5       6)
         100    0.111031    0.305888  (       9      19)
