        Rank     LS_RMSE    LS_MaxAE  Feature_ID
           1    0.060592    0.145976  (       1      17      24)
           2    0.061584    0.148632  (       2      17      24)
           3    0.063223    0.146850  (       1      17      23)
           4    0.064139    0.177265  (       4      17      24)
           5    0.064774    0.149169  (       2      17      23)
           6    0.065551    0.181277  (       4      17      23)
           7    0.066208    0.146137  (       3      17      24)
           8    0.067023    0.148909  (       5      17      24)
           9    0.067616    0.179284  (       6      17      24)
          10    0.068463    0.230632  (       2      14      24)
          11    0.068657    0.183530  (       6      17      23)
          12    0.068673    0.241284  (       6      17      21)
          13    0.068842    0.146740  (       3      17      23)
          14    0.068986    0.229252  (       1      14      24)
          15    0.069002    0.279405  (       1      12      24)
          16    0.069177    0.237510  (       2      14      23)
          17    0.069200    0.236172  (       1      14      23)
          18    0.069311    0.159638  (       7      17      24)
          19    0.069601    0.241899  (       4      17      21)
          20    0.069696    0.281710  (       2      12      24)
          21    0.069813    0.142071  (       1      17      28)
          22    0.069877    0.284352  (       1      12      23)
          23    0.070031    0.182385  (       4      17      28)
          24    0.070184    0.149183  (       5      17      23)
          25    0.070255    0.175930  (       8      17      24)
          26    0.070384    0.201962  (       4      17      22)
          27    0.070770    0.178389  (       9      17      24)
          28    0.070822    0.150855  (      10      17      24)
          29    0.070836    0.214829  (       4      14      25)
          30    0.070876    0.214993  (       4      14      26)
          31    0.070882    0.143125  (       2      17      28)
          32    0.070937    0.180079  (       8      17      23)
          33    0.070953    0.214070  (       4      14      22)
          34    0.071061    0.286457  (       2      12      23)
          35    0.071236    0.204645  (       4      17      27)
          36    0.071394    0.202756  (       4      17      25)
          37    0.071406    0.202502  (       6      17      22)
          38    0.071472    0.200504  (       4      12      29)
          39    0.071488    0.202831  (       4      17      26)
          40    0.071671    0.183145  (       9      17      23)
          41    0.071740    0.163492  (       7      17      23)
          42    0.071858    0.204817  (       4      17      29)
          43    0.071935    0.204144  (       4      17      30)
          44    0.072166    0.198256  (       4      12      26)
          45    0.072353    0.198145  (       4      12      25)
          46    0.072459    0.199039  (       6      12      26)
          47    0.072469    0.203267  (       6      17      25)
          48    0.072560    0.216633  (       4      11      26)
          49    0.072571    0.203338  (       6      17      26)
          50    0.072586    0.217756  (       4      14      30)
          51    0.072598    0.216431  (       4      11      25)
          52    0.072633    0.198933  (       6      12      25)
          53    0.072679    0.217098  (       4      13      26)
          54    0.072691    0.218619  (       4      14      29)
          55    0.072720    0.216892  (       4      13      25)
          56    0.072816    0.218147  (       4      14      27)
          57    0.072925    0.159203  (       3      17      21)
          58    0.072972    0.199885  (       4      12      27)
          59    0.073162    0.199409  (       4      12      30)
          60    0.073304    0.269462  (       1      15      24)
          61    0.073319    0.276267  (       1      15      23)
          62    0.073613    0.204459  (       6      17      30)
          63    0.073715    0.200667  (       6      12      29)
          64    0.073957    0.204629  (       6      17      27)
          65    0.074000    0.271791  (       2      15      24)
          66    0.074045    0.159531  (       5      17      21)
          67    0.074130    0.199987  (       6      12      30)
          68    0.074294    0.270707  (       1      18      24)
          69    0.074298    0.277606  (       1      18      23)
          70    0.074375    0.196725  (       4      12      22)
          71    0.074437    0.204814  (       6      17      29)
          72    0.074505    0.278368  (       2      15      23)
          73    0.074512    0.197566  (       6      12      22)
          74    0.074632    0.219483  (       4      11      30)
          75    0.074722    0.220027  (       4      13      30)
          76    0.074964    0.149974  (      10      17      23)
          77    0.074970    0.273043  (       2      18      24)
          78    0.075027    0.215023  (       4      11      22)
          79    0.075114    0.339659  (       7      12      24)
          80    0.075169    0.220141  (       4      11      29)
          81    0.075173    0.200076  (       6      12      27)
          82    0.075186    0.215474  (       4      13      22)
          83    0.075229    0.220698  (       4      13      29)
          84    0.075305    0.197171  (       1      17      21)
          85    0.075461    0.279716  (       2      18      23)
          86    0.075511    0.199536  (       4      18      29)
          87    0.075848    0.347302  (       7      12      23)
          88    0.075879    0.217228  (       1      14      21)
          89    0.075909    0.217428  (       2      14      21)
          90    0.075932    0.198894  (       4      15      29)
          91    0.075980    0.200406  (       4      18      26)
          92    0.076007    0.256449  (       3      12      24)
          93    0.076016    0.264941  (       1      12      28)
          94    0.076032    0.197825  (       6      18      26)
          95    0.076091    0.200314  (       4      18      25)
          96    0.076131    0.197714  (       6      18      25)
          97    0.076184    0.220861  (       6      17      28)
          98    0.076214    0.219260  (       4      11      27)
          99    0.076300    0.219793  (       4      13      27)
         100    0.076321    0.301347  (      10      12      24)
