    0.15770E-02    0.35067E-01    0.74723E+01    0.85657E-02    0.15843E-01    0.78749E+01    0.16532E-01    0.74723E+01    0.12003E+00    0.21239E+01    0.12580E+00
   -0.10740E-01    0.33851E-01    0.74723E+01    0.85657E-02    0.15843E-01    0.77879E+01    0.16532E-01    0.74723E+01    0.12003E+00    0.15173E+01    0.12580E+00
    0.37879E-01    0.52131E+00    0.16080E+02    0.73395E-02    0.14046E-01    0.21885E+02    0.17615E-01    0.16080E+02    0.12956E+00    0.10713E+01    0.11711E+00
    0.83610E-01    0.68752E+00    0.16080E+02    0.73395E-02    0.14046E-01    0.23416E+02    0.17615E-01    0.16080E+02    0.12956E+00    0.90313E+00    0.11711E+00
    0.97340E-02    0.42187E+00    0.16080E+02    0.73395E-02    0.14046E-01    0.21007E+02    0.17615E-01    0.16080E+02    0.12956E+00    0.12672E+01    0.11711E+00
    0.25000E-01    0.35732E+00    0.18854E+02    0.39231E-02    0.74441E-02    0.19695E+02    0.66300E-02   -0.18854E+02    0.66967E-01    0.73128E+00    0.85517E-01
   -0.38800E-01    0.12971E+00    0.47254E+02    0.88894E-02    0.16966E-01    0.47776E+02    0.14756E-01    0.47254E+02    0.11482E+00   -0.00000E+00    0.12827E+00
   -0.10400E-02    0.72763E-01    0.47254E+02    0.88894E-02    0.16966E-01    0.47448E+02    0.14756E-01    0.47254E+02    0.11482E+00   -0.58272E+00    0.12827E+00
    0.46410E-01    0.25586E-01    0.22431E+02    0.78422E-02    0.14524E-01    0.22952E+02    0.14900E-01    0.22431E+02    0.11214E+00    0.39454E+01    0.12039E+00
   -0.61000E-03    0.35516E-01    0.22431E+02    0.78422E-02    0.14524E-01    0.22869E+02    0.14900E-01    0.22431E+02    0.11214E+00    0.21051E+01    0.12039E+00
    0.45960E-01    0.54067E-02    0.22431E+02    0.78422E-02    0.14524E-01    0.22733E+02    0.14900E-01    0.22431E+02    0.11214E+00    0.12235E+02    0.12039E+00
   -0.66720E-01    0.12247E-02    0.19403E+02    0.48280E-02    0.10482E-01    0.19514E+02    0.62763E-02    0.19403E+02    0.73875E-01   -0.61728E+02    0.94465E-01
    0.23110E-01    0.14795E+00    0.46558E+02    0.63798E-02    0.11896E-01    0.48994E+02    0.14035E-01    0.46558E+02    0.10850E+00   -0.20560E+01    0.10912E+00
   -0.51080E-01    0.44460E-01    0.46558E+02    0.63798E-02    0.11896E-01    0.50081E+02    0.14035E-01    0.46558E+02    0.10850E+00   -0.87054E+01    0.10912E+00
    0.52450E-01    0.13809E+00    0.46558E+02    0.63798E-02    0.11896E-01    0.48732E+02    0.14035E-01    0.46558E+02    0.10850E+00   -0.22170E+01    0.10912E+00
   -0.16870E-01    0.33190E-01    0.18261E+02    0.10070E-01    0.22231E-01    0.18524E+02    0.12789E-01    0.18261E+02    0.12073E+00    0.57848E+01    0.13820E+00
    0.82220E-01    0.69396E+00    0.37654E+02    0.58547E-02    0.11481E-01    0.39116E+02    0.90748E-02    0.37654E+02    0.85320E-01   -0.84861E+00    0.10400E+00
   -0.43810E-01    0.10731E+00    0.67033E+02    0.13039E-01    0.24233E-01    0.68738E+02    0.28164E-01    0.67033E+02    0.17204E+00    0.00000E+00    0.15523E+00
   -0.17100E-01    0.10605E-01    0.67033E+02    0.13039E-01    0.24233E-01    0.67571E+02    0.28164E-01    0.67033E+02    0.17204E+00   -0.50352E+01    0.15523E+00
    0.29630E-01    0.64985E-02    0.35234E+02    0.78548E-02    0.15197E-01    0.34672E+02    0.12568E-01    0.35234E+02    0.10458E+00   -0.00000E+00    0.12053E+00
   -0.16310E-01    0.22050E-01    0.35234E+02    0.78548E-02    0.15197E-01    0.35150E+02    0.12568E-01    0.35234E+02    0.10458E+00   -0.92971E+00    0.12053E+00
   -0.95470E-01    0.54508E-01    0.58705E+02    0.73353E-02    0.13678E-01    0.60188E+02    0.16138E-01    0.58705E+02    0.11908E+00   -0.38334E+01    0.11678E+00
   -0.46700E-02    0.17030E+00    0.55922E+02    0.83342E-02    0.15541E-01    0.57403E+02    0.18335E-01    0.55922E+02    0.12966E+00   -0.10863E+01    0.12430E+00
   -0.13500E-02    0.22604E+00    0.55922E+02    0.83342E-02    0.15541E-01    0.58550E+02    0.18335E-01    0.55922E+02    0.12966E+00   -0.12774E+01    0.12430E+00
    0.45600E-02    0.17298E+00    0.55922E+02    0.83342E-02    0.15541E-01    0.57409E+02    0.18335E-01    0.55922E+02    0.12966E+00   -0.12106E+01    0.12430E+00
   -0.94000E-03    0.40593E-01    0.32542E+02    0.66022E-02    0.12311E-01    0.35542E+02    0.14525E-01    0.32542E+02    0.11101E+00    0.92297E+01    0.11095E+00
   -0.37950E-01    0.14430E+00    0.32542E+02    0.66022E-02    0.12311E-01    0.36760E+02    0.14525E-01    0.32542E+02    0.11101E+00    0.32116E+01    0.11095E+00
    0.62200E-02    0.28635E-01    0.32542E+02    0.66022E-02    0.12311E-01    0.35194E+02    0.14525E-01    0.32542E+02    0.11101E+00    0.13043E+02    0.11095E+00
   -0.70660E-01    0.12491E+00    0.58457E+02    0.12510E-01    0.23528E-01    0.59764E+02    0.28524E-01    0.58457E+02    0.17557E+00   -0.11744E+01    0.15202E+00
   -0.55950E-01    0.11901E+00    0.58457E+02    0.12510E-01    0.23528E-01    0.60753E+02    0.28524E-01    0.58457E+02    0.17557E+00   -0.19043E+01    0.15202E+00
   -0.31750E-01    0.14087E+00    0.58457E+02    0.12510E-01    0.23528E-01    0.59782E+02    0.28524E-01    0.58457E+02    0.17557E+00   -0.11905E+01    0.15202E+00
   -0.44140E-01    0.39663E-01    0.57402E+02    0.12096E-01    0.22555E-01    0.58591E+02    0.26611E-01    0.57402E+02    0.16620E+00   -0.42206E+01    0.14948E+00
    0.35500E-01    0.18585E-02    0.22301E+02    0.66131E-02    0.13931E-01    0.22274E+02    0.89938E-02    0.22301E+02    0.91101E-01    0.84746E+01    0.11074E+00
    0.18060E-01    0.66672E-02    0.33460E+02    0.45860E-02    0.91346E-02    0.32974E+02    0.68789E-02    0.33460E+02    0.72046E-01    0.00000E+00    0.92089E-01
    0.55800E-02    0.21226E-01    0.33460E+02    0.45860E-02    0.91346E-02    0.33394E+02    0.68789E-02    0.33460E+02    0.72046E-01   -0.91870E+00    0.92089E-01
   -0.36150E-01    0.88682E-02    0.47005E+02    0.93735E-02    0.17360E-01    0.47360E+02    0.17810E-01    0.47005E+02    0.12631E+00   -0.87617E+01    0.13159E+00
    0.77200E-02    0.81076E-01    0.35643E+02    0.74776E-02    0.14707E-01    0.35832E+02    0.11516E-01    0.35643E+02    0.10030E+00   -0.95651E+00    0.11763E+00
    0.46120E-01    0.12178E+00    0.48795E+02    0.86903E-02    0.16694E-01    0.48607E+02    0.14165E-01    0.48795E+02    0.11246E+00   -0.35639E+00    0.12684E+00
    0.71120E-01    0.10265E+00    0.37338E+02    0.56862E-02    0.10770E-01    0.38598E+02    0.96666E-02    0.37338E+02    0.85951E-01   -0.00000E+00    0.10256E+00
   -0.50400E-02    0.16734E+00    0.37338E+02    0.56862E-02    0.10770E-01    0.38020E+02    0.96666E-02    0.37338E+02    0.85951E-01   -0.82946E+00    0.10256E+00
    0.66850E-01    0.96931E-02    0.15148E+02    0.57198E-02    0.13017E-01    0.15082E+02    0.69781E-02    0.15148E+02    0.83102E-01    0.56948E+01    0.10308E+00
    0.14509E-01    0.79424E-01    0.10923E+02    0.32884E-02    0.62893E-02    0.10747E+02    0.54259E-02   -0.10923E+02    0.59056E-01    0.73656E+00    0.78460E-01
   -0.66710E-01    0.10976E+00    0.20955E+02    0.55269E-02    0.11814E-01    0.21169E+02    0.73507E-02    0.20955E+02    0.80809E-01   -0.12396E+01    0.10112E+00
