    0.13220E-01
   -0.63060E-02
    0.16374E-01
    0.29970E-01
   -0.12860E-01
    0.39240E-02
   -0.33000E-02
    0.93120E-01
    0.78200E-01
    0.32490E-01
    0.69310E-01
   -0.63570E-01
    0.12200E-02
   -0.51720E-01
    0.16410E-01
    0.22970E-01
   -0.43530E-01
   -0.78690E-01
    0.16770E-01
   -0.45180E-01
    0.41330E-01
   -0.10714E+00
    0.56240E-01
    0.36400E-01
    0.53260E-01
   -0.97800E-02
   -0.62950E-01
   -0.11790E-01
   -0.10700E-01
   -0.28010E-01
    0.17270E-01
   -0.38390E-01
   -0.30400E-01
   -0.97480E-01
    0.29420E-01
   -0.48680E-01
    0.40460E-01
    0.70500E-01
    0.31360E-01
    0.22200E-02
    0.52700E-01
   -0.45520E-01
   -0.29200E-01
