   -0.35345E-01
   -0.29153E-01
    0.31720E-02
    0.37560E-01
   -0.26045E-01
    0.10415E+00
   -0.20000E-03
    0.78130E-01
    0.88550E-01
    0.37860E-01
    0.81180E-01
   -0.23240E-01
   -0.40720E-01
   -0.10857E+00
   -0.14320E-01
    0.59840E-01
    0.14580E-01
   -0.81600E-01
   -0.31480E-01
   -0.45550E-01
    0.28500E-02
   -0.57630E-01
    0.44200E-01
    0.60090E-01
    0.52880E-01
    0.57300E-02
   -0.19570E-01
    0.88900E-02
   -0.22540E-01
    0.46700E-02
    0.96100E-02
    0.21800E-02
    0.42130E-01
   -0.91790E-01
   -0.19360E-01
   -0.26010E-01
   -0.99190E-01
    0.84000E-01
   -0.64610E-01
    0.16650E-01
    0.11347E+00
   -0.47750E-01
   -0.67720E-01
