   -0.63986E-01
   -0.48378E-01
   -0.32750E-02
    0.30880E-01
   -0.33046E-01
    0.10904E+00
   -0.56000E-02
    0.16008E+00
    0.60730E-01
    0.10800E-02
    0.63540E-01
   -0.48390E-01
   -0.48780E-01
   -0.14738E+00
   -0.20140E-01
    0.34510E-01
    0.94290E-01
   -0.99160E-01
    0.14510E-01
   -0.83520E-01
    0.33830E-01
   -0.58230E-01
    0.78230E-01
    0.70330E-01
    0.88150E-01
   -0.81900E-02
   -0.46360E-01
   -0.30200E-02
    0.73200E-02
   -0.17200E-02
    0.49620E-01
    0.72000E-03
   -0.27940E-01
   -0.12537E+00
    0.32240E-01
   -0.82200E-02
   -0.12530E+00
    0.78000E-01
    0.59680E-01
    0.37800E-02
    0.50630E-01
   -0.57760E-02
   -0.10938E+00
