    0.20710E-01
    0.42400E-01
    0.38946E-01
    0.10670E-01
    0.37977E-01
   -0.11055E+00
   -0.48172E+00
    0.15488E+00
    0.94300E-01
    0.32550E-01
    0.10390E+00
   -0.36320E-01
   -0.48160E-01
   -0.18819E+00
   -0.58600E-02
    0.57480E-01
    0.69860E-01
   -0.29139E+00
    0.12380E-01
    0.11892E+00
    0.65870E-01
   -0.48840E-01
    0.81890E-01
    0.38010E-01
    0.98260E-01
    0.31600E-02
   -0.85800E-01
    0.25830E-01
    0.11030E-01
   -0.24720E-01
    0.57930E-01
    0.70400E-02
    0.35000E-03
    0.85990E-01
    0.63880E-01
    0.33000E-02
   -0.93290E-01
    0.24055E+00
    0.11680E+00
   -0.23682E+00
    0.67580E-01
   -0.20314E-01
   -0.90480E-01
