    0.88660E-01
    0.75420E-01
    0.28255E-01
    0.67840E-01
   -0.49450E-02
    0.11510E-02
   -0.23878E+00
    0.19440E+00
    0.61380E-01
    0.19620E-01
    0.49840E-01
   -0.11270E+00
   -0.69110E-01
   -0.13362E+00
   -0.43310E-01
   -0.63330E-01
    0.10066E+00
   -0.25480E-01
   -0.23230E-01
   -0.41020E-01
   -0.23690E-01
   -0.87490E-01
    0.48340E-01
    0.63630E-01
    0.56180E-01
   -0.54358E-01
   -0.79160E-01
   -0.51676E-01
   -0.14700E-01
    0.15690E-01
    0.18390E-01
   -0.13390E-01
    0.11600E-02
   -0.81340E-01
   -0.24790E-01
   -0.40090E-01
   -0.92600E-01
    0.18921E+00
    0.48490E-01
    0.13628E+00
    0.80060E-01
    0.42292E-01
   -0.68150E-01
