    0.22848E+00
    0.17908E+00
    0.24148E+00
    0.20598E+00
    0.24628E+00
    0.28022E+00
   -0.71468E+00
    0.92000E-03
    0.24782E+00
    0.16552E+00
    0.27742E+00
   -0.97100E-02
    0.20790E-01
   -0.16021E+00
    0.65890E-01
    0.94590E-01
    0.12150E-01
   -0.47118E+00
   -0.65380E-01
   -0.13120E+00
   -0.55100E-01
   -0.25960E-01
    0.93180E-01
    0.19580E-01
    0.11068E+00
    0.12892E+00
    0.22520E-01
    0.15442E+00
    0.47570E-01
   -0.37830E-01
    0.10437E+00
    0.79700E-02
   -0.36000E-01
   -0.18610E+00
   -0.75600E-01
   -0.70120E-01
   -0.31340E+00
   -0.11763E+00
   -0.41778E+00
   -0.14838E+00
   -0.33350E-01
    0.22997E+00
   -0.11619E+00
