   -0.21712E-01
   -0.68048E-01
   -0.32354E-01
   -0.54970E-02
   -0.36976E-01
   -0.10450E-02
    0.15460E-02
    0.11200E-01
   -0.46100E-02
    0.75670E-01
    0.84700E-02
    0.87370E-01
    0.55300E-02
    0.14160E-01
   -0.12208E+00
    0.55330E-01
   -0.24530E-01
   -0.91690E-01
    0.60900E-02
    0.14660E-01
    0.20000E-01
    0.51790E-01
    0.83800E-02
    0.68240E-01
    0.49070E-01
   -0.33120E-01
    0.70120E-01
   -0.23300E-01
   -0.64840E-01
    0.24260E-01
    0.15300E-01
    0.17540E-01
    0.44220E-01
    0.78110E-01
   -0.23700E-02
   -0.81250E-01
    0.44440E-01
   -0.42920E-01
   -0.37860E-01
    0.97600E-02
    0.20130E-01
   -0.12134E-01
   -0.95030E-01
