    0.20048E-01
   -0.20570E-01
    0.33330E-02
    0.35441E-01
    0.52300E-02
    0.38242E-01
    0.43900E-01
    0.27500E-01
    0.33940E-01
    0.23100E-01
   -0.33870E-01
    0.25270E-01
   -0.29280E-01
    0.24920E-01
   -0.61810E-01
    0.63850E-01
   -0.18580E-01
   -0.91570E-01
    0.63600E-02
   -0.18190E-01
   -0.24770E-01
    0.34550E-01
   -0.80000E-03
    0.50590E-01
    0.32640E-01
   -0.44150E-01
    0.53080E-01
   -0.42690E-01
   -0.69260E-01
    0.12000E-02
   -0.10980E-01
    0.28670E-01
    0.19030E-01
    0.16760E-01
   -0.49700E-01
    0.19660E-01
    0.83650E-01
   -0.21670E-01
   -0.83170E-01
   -0.55390E-01
    0.48630E-01
   -0.26156E-01
   -0.37040E-01
