    0.18783E-01
   -0.19810E-01
    0.57000E-03
    0.69380E-02
   -0.21250E-01
    0.78480E-02
    0.13178E-01
    0.11900E-01
    0.18380E-01
    0.24900E-01
   -0.30510E-01
    0.25400E-01
   -0.21250E-01
    0.10000E-01
   -0.65920E-01
    0.48310E-01
   -0.33960E-01
   -0.24540E-01
    0.27900E-02
    0.21000E-03
   -0.36010E-01
    0.61100E-01
    0.28210E-01
    0.77060E-01
    0.44100E-02
   -0.70440E-01
    0.24510E-01
   -0.17460E-01
   -0.40290E-01
    0.25650E-01
    0.51200E-02
    0.22930E-01
   -0.73700E-02
    0.14920E-01
   -0.11420E-01
    0.31370E-01
    0.25180E-01
   -0.50030E-01
   -0.44530E-01
   -0.23700E-02
    0.44850E-01
   -0.30682E-01
   -0.26650E-01
