   -0.13120E-01
   -0.59725E-01
   -0.22463E-01
    0.27780E-02
   -0.29032E-01
    0.72530E-02
    0.79490E-02
    0.15000E-01
    0.14916E+00
    0.72830E-01
    0.43200E-02
    0.86060E-01
   -0.23310E-01
    0.64600E-02
   -0.13371E+00
    0.47980E-01
   -0.50880E-01
   -0.94850E-01
   -0.15110E-01
    0.52000E-03
    0.90000E-02
    0.47880E-01
    0.18000E-02
    0.64420E-01
    0.46280E-01
   -0.37960E-01
    0.67710E-01
   -0.25690E-01
   -0.71160E-01
    0.22710E-01
    0.64200E-02
   -0.18690E-01
    0.21170E-01
    0.64580E-01
   -0.13520E-01
   -0.10626E+00
    0.12812E+00
    0.84280E-01
   -0.98140E-01
   -0.14860E-01
   -0.10320E-01
   -0.16230E-02
   -0.12429E+00
