   -0.23681E-01
   -0.69909E-01
   -0.34987E-01
   -0.69930E-02
   -0.38183E-01
   -0.26260E-02
    0.71600E-03
   -0.54312E+00
    0.12317E+00
    0.80040E-01
    0.13430E-01
    0.90950E-01
    0.25410E-01
    0.23310E-01
   -0.11105E+00
    0.64290E-01
   -0.73400E-02
   -0.79550E-01
    0.27180E-01
    0.34100E-01
    0.32900E-01
    0.60070E-01
    0.18050E-01
    0.76490E-01
    0.53590E-01
   -0.27420E-01
    0.74400E-01
   -0.16140E-01
   -0.55900E-01
    0.31100E-01
    0.25970E-01
    0.40020E-01
    0.76060E-01
    0.10989E+00
    0.13030E-01
   -0.50190E-01
    0.18745E+00
    0.13197E+00
   -0.24862E+00
   -0.49270E-01
    0.38650E-01
   -0.14273E-01
   -0.72980E-01
