    0.83800E-03
   -0.49297E-01
    0.38550E-02
    0.71160E-01
    0.43870E-01
    0.71320E-01
    0.15168E-01
   -0.43884E+00
    0.24542E+00
    0.63430E-01
   -0.19830E-01
    0.90490E-01
    0.69300E-02
   -0.65020E-01
   -0.23774E+00
   -0.21910E-01
    0.83660E-01
   -0.56460E-01
    0.95460E-01
   -0.33610E-01
    0.21710E-01
    0.10145E+00
   -0.66080E-01
    0.80690E-01
    0.16520E-01
    0.98230E-01
    0.53910E-01
   -0.43070E-01
    0.76740E-01
   -0.73000E-03
   -0.79000E-01
    0.56200E-01
   -0.19280E-01
   -0.54120E-01
   -0.18720E-01
    0.97320E-01
   -0.86000E-02
   -0.15727E+00
    0.38270E-01
    0.78240E-01
   -0.17138E+00
    0.15694E+00
    0.40420E-01
   -0.35176E-01
   -0.13214E+00
