    0.58590E-01
    0.83500E-02
    0.61380E-01
    0.13055E+00
    0.10275E+00
    0.13094E+00
   -0.22980E+00
   -0.67972E+00
    0.30900E-01
    0.11834E+00
    0.35210E-01
    0.14573E+00
    0.31040E-01
   -0.10890E-01
   -0.18479E+00
    0.32500E-01
    0.11421E+00
    0.19000E-02
   -0.35293E+00
    0.44830E-01
    0.21070E-01
    0.10528E+00
   -0.19760E-01
    0.12246E+00
    0.56340E-01
    0.13999E+00
    0.10663E+00
    0.81800E-02
    0.12985E+00
    0.46120E-01
   -0.33480E-01
    0.10302E+00
    0.23510E-01
   -0.28670E-01
   -0.62100E-02
    0.11294E+00
    0.21230E-01
   -0.14455E+00
    0.31400E-01
    0.73660E-01
   -0.27801E+00
   -0.16790E-01
    0.68780E-01
   -0.11760E+00
   -0.11449E+00
