   -0.20496E-01
   -0.70720E-01
   -0.17667E-01
    0.58060E-01
    0.32170E-01
    0.57460E-01
    0.26970E-01
   -0.54859E+00
    0.15144E+00
    0.59100E-01
   -0.24360E-01
    0.85630E-01
    0.32000E-03
   -0.68120E-01
   -0.23899E+00
   -0.25430E-01
    0.76430E-01
    0.10250E+00
    0.52450E-01
    0.16234E+00
    0.17340E-01
    0.96870E-01
   -0.57160E-01
    0.97240E-01
    0.36680E-01
    0.11480E+00
    0.53010E-01
   -0.41750E-01
    0.75240E-01
    0.73500E-02
   -0.68790E-01
    0.64310E-01
   -0.45300E-02
   -0.60910E-01
   -0.23970E-01
    0.91750E-01
    0.69020E-01
   -0.16254E+00
    0.34020E-01
    0.73970E-01
   -0.20029E+00
    0.91770E-01
    0.33250E-01
   -0.49199E-01
   -0.13794E+00
