   -0.24121E-01
   -0.74354E-01
   -0.21313E-01
    0.55480E-01
    0.29790E-01
    0.54770E-01
    0.29020E-01
   -0.52540E+00
    0.25788E+00
    0.57790E-01
   -0.25700E-01
    0.84240E-01
   -0.40600E-02
   -0.69250E-01
   -0.23985E+00
   -0.26630E-01
    0.68460E-01
    0.11803E+00
   -0.10510E+00
    0.17921E+00
    0.18090E-01
    0.96840E-01
   -0.56460E-01
    0.99120E-01
    0.39110E-01
    0.11668E+00
    0.52210E-01
   -0.42210E-01
    0.74340E-01
    0.79300E-02
   -0.67880E-01
    0.64900E-01
   -0.29300E-02
   -0.65690E-01
   -0.25650E-01
    0.89420E-01
    0.78750E-01
   -0.16427E+00
    0.35790E-01
    0.75370E-01
   -0.18757E+00
    0.10942E+00
    0.27460E-01
   -0.50970E-01
   -0.14071E+00
