    0.27230E-01
   -0.23058E-01
    0.29913E-01
    0.10453E+00
    0.77770E-01
    0.10437E+00
   -0.25615E+00
   -0.54369E+00
    0.23325E+00
    0.99350E-01
    0.16040E-01
    0.12628E+00
   -0.40440E-01
   -0.28810E-01
   -0.20106E+00
    0.14210E-01
    0.57300E-02
    0.10873E+00
   -0.13081E+00
    0.16727E+00
   -0.28900E-02
    0.74350E-01
   -0.26300E-01
    0.12368E+00
    0.61310E-01
    0.14124E+00
    0.90680E-01
   -0.57100E-02
    0.11336E+00
    0.38750E-01
   -0.38730E-01
    0.95690E-01
    0.22880E-01
   -0.10398E+00
   -0.52150E-01
    0.60980E-01
    0.79770E-01
   -0.19089E+00
    0.16500E-01
    0.55510E-01
   -0.20217E+00
    0.93100E-01
   -0.16590E-01
   -0.14845E+00
   -0.17062E+00
