        Rank     LS_RMSE    LS_MaxAE  Feature_ID
           1    0.042254    0.120524  (       5      11      25      36      46)
           2    0.042267    0.120358  (       5      11      29      36      46)
           3    0.042270    0.120387  (       5      11      28      36      46)
           4    0.042289    0.120614  (       5      11      26      36      46)
           5    0.042314    0.120667  (       5      11      27      36      46)
           6    0.042433    0.088052  (       5      11      29      36      42)
           7    0.042443    0.087785  (       5      11      25      36      42)
           8    0.042447    0.088281  (       5      11      28      36      42)
           9    0.042487    0.087936  (       5      11      26      36      42)
          10    0.042513    0.121772  (       5      11      21      36      46)
          11    0.042521    0.087921  (       5      11      27      36      42)
          12    0.042535    0.079389  (       4      11      29      36      42)
          13    0.042539    0.079391  (       4      11      28      36      42)
          14    0.042584    0.079469  (       4      11      26      36      42)
          15    0.042584    0.079140  (       4      11      29      36      45)
          16    0.042588    0.079142  (       4      11      28      36      45)
          17    0.042591    0.079443  (       4      11      25      36      42)
          18    0.042592    0.088672  (       5      11      29      36      45)
          19    0.042601    0.088088  (       5      11      25      36      45)
          20    0.042605    0.088901  (       5      11      28      36      45)
          21    0.042608    0.122091  (       5      11      24      36      46)
          22    0.042616    0.079484  (       4      11      27      36      42)
          23    0.042631    0.122272  (       5      11      22      36      46)
          24    0.042633    0.079220  (       4      11      26      36      45)
          25    0.042640    0.079194  (       4      11      25      36      45)
          26    0.042645    0.088555  (       5      11      26      36      45)
          27    0.042665    0.079235  (       4      11      27      36      45)
          28    0.042676    0.122409  (       5      11      23      36      46)
          29    0.042679    0.088540  (       5      11      27      36      45)
          30    0.042867    0.088102  (       5      11      21      36      42)
          31    0.042951    0.079822  (       4      11      21      36      42)
          32    0.042998    0.079573  (       4      11      21      36      45)
          33    0.043011    0.088175  (       5      11      24      36      42)
          34    0.043021    0.088058  (       5      11      21      36      45)
          35    0.043048    0.088230  (       5      11      22      36      42)
          36    0.043059    0.079913  (       4      11      24      36      42)
          37    0.043105    0.079664  (       4      11      24      36      45)
          38    0.043105    0.124374  (       5      11      30      36      46)
          39    0.043114    0.079978  (       4      11      22      36      42)
          40    0.043123    0.088251  (       5      11      23      36      42)
          41    0.043141    0.103248  (       5      11      29      31      47)
          42    0.043144    0.103269  (       5      11      28      31      47)
          43    0.043160    0.079729  (       4      11      22      36      45)
          44    0.043162    0.103394  (       5      11      25      31      47)
          45    0.043164    0.088308  (       5      11      24      36      45)
          46    0.043173    0.135001  (       4       5      11      29      36)
          47    0.043174    0.103463  (       5      11      26      31      47)
          48    0.043175    0.134988  (       4       5      11      28      36)
          49    0.043180    0.080012  (       4      11      23      36      42)
          50    0.043195    0.135063  (       4       5      11      25      36)
          51    0.043201    0.103516  (       5      11      27      31      47)
          52    0.043202    0.088186  (       5      11      22      36      45)
          53    0.043202    0.134988  (       4       5      11      26      36)
          54    0.043226    0.079763  (       4      11      23      36      45)
          55    0.043229    0.135001  (       4       5      11      27      36)
          56    0.043276    0.088208  (       5      11      23      36      45)
          57    0.043307    0.123527  (       5      11      25      31      46)
          58    0.043326    0.123397  (       5      11      28      31      46)
          59    0.043326    0.123374  (       5      11      29      31      46)
          60    0.043330    0.123598  (       5      11      26      31      46)
          61    0.043361    0.123662  (       5      11      27      31      46)
          62    0.043439    0.104186  (       5      11      29      31      50)
          63    0.043441    0.104206  (       5      11      28      31      50)
          64    0.043452    0.104480  (       5      11      21      31      47)
          65    0.043455    0.104328  (       5      11      25      31      50)
          66    0.043466    0.104398  (       5      11      26      31      50)
          67    0.043467    0.135034  (       4       5      11      21      36)
          68    0.043494    0.104451  (       5      11      27      31      50)
          69    0.043524    0.124712  (       5      11      21      31      46)
          70    0.043547    0.104759  (       5      11      24      31      47)
          71    0.043556    0.135011  (       4       5      11      24      36)
          72    0.043585    0.104921  (       5      11      22      31      47)
          73    0.043593    0.135039  (       4       5      11      22      36)
          74    0.043612    0.125026  (       5      11      24      31      46)
          75    0.043629    0.125197  (       5      11      22      31      46)
          76    0.043634    0.099412  (       5      11      25      39      41)
          77    0.043634    0.099412  (       5      11      25      38      39)
          78    0.043637    0.105042  (       5      11      23      31      47)
          79    0.043638    0.099267  (       5      11      29      38      39)
          80    0.043638    0.099267  (       5      11      29      39      41)
          81    0.043643    0.135044  (       4       5      11      23      36)
          82    0.043646    0.099292  (       5      11      28      39      41)
          83    0.043646    0.099292  (       5      11      28      38      39)
          84    0.043671    0.099490  (       5      11      26      38      39)
          85    0.043671    0.099490  (       5      11      26      39      41)
          86    0.043675    0.125339  (       5      11      23      31      46)
          87    0.043692    0.099531  (       5      11      27      38      39)
          88    0.043692    0.099531  (       5      11      27      39      41)
          89    0.043732    0.105411  (       5      11      21      31      50)
          90    0.043779    0.098803  (       5      11      25      37      38)
          91    0.043779    0.098803  (       5      11      25      37      41)
          92    0.043785    0.098658  (       5      11      29      37      38)
          93    0.043785    0.098658  (       5      11      29      37      41)
          94    0.043793    0.098683  (       5      11      28      37      38)
          95    0.043793    0.098683  (       5      11      28      37      41)
          96    0.043799    0.088750  (       5      11      30      36      42)
          97    0.043811    0.127637  (       5      11      25      32      46)
          98    0.043815    0.098880  (       5      11      26      37      38)
          99    0.043815    0.098880  (       5      11      26      37      41)
         100    0.043816    0.085418  (       4      11      30      36      42)
