        Rank     LS_RMSE    LS_MaxAE  Feature_ID
           1    0.033021    0.077604  (       5      11      29      36      46      51)
           2    0.033038    0.077800  (       5      11      28      36      46      51)
           3    0.033071    0.078080  (       5      11      25      36      46      51)
           4    0.033079    0.077318  (       5      11      29      36      46      52)
           5    0.033096    0.077516  (       5      11      28      36      46      52)
           6    0.033108    0.078297  (       5      11      26      36      46      51)
           7    0.033123    0.077822  (       5      11      25      36      46      52)
           8    0.033132    0.078634  (       5      11      27      36      46      51)
           9    0.033161    0.078035  (       5      11      26      36      46      52)
          10    0.033188    0.078364  (       5      11      27      36      46      52)
          11    0.033317    0.077695  (       5      11      29      36      46      53)
          12    0.033334    0.077893  (       5      11      28      36      46      53)
          13    0.033344    0.071505  (       5      11      28      36      46      59)
          14    0.033354    0.071641  (       5      11      26      36      46      59)
          15    0.033354    0.071509  (       5      11      29      36      46      59)
          16    0.033355    0.071593  (       5      11      25      36      46      59)
          17    0.033361    0.078196  (       5      11      25      36      46      53)
          18    0.033377    0.071680  (       5      11      27      36      46      59)
          19    0.033399    0.078409  (       5      11      26      36      46      53)
          20    0.033426    0.078739  (       5      11      27      36      46      53)
          21    0.033496    0.072305  (       5      11      21      36      46      59)
          22    0.033545    0.082491  (       5      11      21      36      46      51)
          23    0.033549    0.072484  (       5      11      24      36      46      59)
          24    0.033575    0.072604  (       5      11      22      36      46      59)
          25    0.033601    0.072671  (       5      11      23      36      46      59)
          26    0.033602    0.082267  (       5      11      21      36      46      52)
          27    0.033607    0.076584  (       5      11      29      36      46      56)
          28    0.033624    0.076784  (       5      11      28      36      46      56)
          29    0.033643    0.077117  (       5      11      25      36      46      56)
          30    0.033683    0.083859  (       5      11      24      36      46      51)
          31    0.033684    0.077327  (       5      11      26      36      46      56)
          32    0.033714    0.077651  (       5      11      27      36      46      56)
          33    0.033739    0.084262  (       5      11      22      36      46      51)
          34    0.033747    0.083629  (       5      11      24      36      46      52)
          35    0.033782    0.092326  (       5      11      29      31      46      52)
          36    0.033796    0.092310  (       5      11      28      31      46      52)
          37    0.033800    0.084047  (       5      11      22      36      46      52)
          38    0.033811    0.085030  (       5      11      23      36      46      51)
          39    0.033813    0.091502  (       5      11      29      31      46      53)
          40    0.033821    0.092339  (       5      11      25      31      46      52)
          41    0.033827    0.091486  (       5      11      28      31      46      53)
          42    0.033829    0.095224  (       5      11      29      31      46      51)
          43    0.033840    0.082636  (       5      11      21      36      46      53)
          44    0.033842    0.095206  (       5      11      28      31      46      51)
          45    0.033847    0.092277  (       5      11      26      31      46      52)
          46    0.033852    0.091517  (       5      11      25      31      46      53)
          47    0.033873    0.095231  (       5      11      25      31      46      51)
          48    0.033876    0.084810  (       5      11      23      36      46      52)
          49    0.033879    0.091455  (       5      11      26      31      46      53)
          50    0.033880    0.092301  (       5      11      27      31      46      52)
          51    0.033897    0.095169  (       5      11      26      31      46      51)
          52    0.033898    0.073799  (       5      11      30      36      46      59)
          53    0.033912    0.091479  (       5      11      27      31      46      53)
          54    0.033927    0.095193  (       5      11      27      31      46      51)
          55    0.033985    0.083997  (       5      11      24      36      46      53)
          56    0.034017    0.088968  (       5      11      29      31      46      56)
          57    0.034031    0.088954  (       5      11      28      31      46      56)
          58    0.034038    0.084413  (       5      11      22      36      46      53)
          59    0.034049    0.088986  (       5      11      25      31      46      56)
          60    0.034061    0.069565  (       4       5      11      29      36      54)
          61    0.034061    0.069565  (       4       5      11      29      36      42)
          62    0.034070    0.069591  (       4       5      11      28      36      42)
          63    0.034070    0.069591  (       4       5      11      28      36      54)
          64    0.034077    0.088924  (       5      11      26      31      46      56)
          65    0.034097    0.069746  (       4       5      11      25      36      54)
          66    0.034097    0.069746  (       4       5      11      25      36      42)
          67    0.034113    0.069810  (       4       5      11      26      36      42)
          68    0.034113    0.069810  (       4       5      11      26      36      54)
          69    0.034113    0.085176  (       5      11      23      36      46      53)
          70    0.034114    0.088950  (       5      11      27      31      46      56)
          71    0.034122    0.081617  (       5      11      21      36      46      56)
          72    0.034152    0.069862  (       4       5      11      27      36      42)
          73    0.034152    0.069862  (       4       5      11      27      36      54)
          74    0.034175    0.069843  (       4       5      11      29      36      45)
          75    0.034175    0.069843  (       4       5      11      29      36      55)
          76    0.034183    0.069869  (       4       5      11      28      36      55)
          77    0.034183    0.069869  (       4       5      11      28      36      45)
          78    0.034210    0.070024  (       4       5      11      25      36      55)
          79    0.034210    0.070024  (       4       5      11      25      36      45)
          80    0.034226    0.070088  (       4       5      11      26      36      55)
          81    0.034226    0.070088  (       4       5      11      26      36      45)
          82    0.034261    0.092257  (       5      11      21      31      46      52)
          83    0.034265    0.070139  (       4       5      11      27      36      45)
          84    0.034265    0.070139  (       4       5      11      27      36      55)
          85    0.034271    0.082980  (       5      11      24      36      46      56)
          86    0.034300    0.091445  (       5      11      21      31      46      53)
          87    0.034305    0.095128  (       5      11      21      31      46      51)
          88    0.034321    0.083415  (       5      11      22      36      46      56)
          89    0.034326    0.097030  (       5      11      29      32      46      52)
          90    0.034340    0.097015  (       5      11      28      32      46      52)
          91    0.034358    0.096273  (       5      11      29      32      46      53)
          92    0.034364    0.097039  (       5      11      25      32      46      52)
          93    0.034372    0.096258  (       5      11      28      32      46      53)
          94    0.034389    0.096976  (       5      11      26      32      46      52)
          95    0.034397    0.096284  (       5      11      25      32      46      53)
          96    0.034400    0.084176  (       5      11      23      36      46      56)
          97    0.034402    0.092245  (       5      11      24      31      46      52)
          98    0.034419    0.096994  (       5      11      27      32      46      52)
          99    0.034422    0.096221  (       5      11      26      32      46      53)
         100    0.034435    0.093916  (       5      11      26      31      46      59)
