        Rank     LS_RMSE    LS_MaxAE  Feature_ID
           1    0.066172    0.202026  (       5      11      25)
           2    0.066180    0.201873  (       5      11      21)
           3    0.066186    0.201813  (       5      11      22)
           4    0.066190    0.202003  (       5      11      26)
           5    0.066194    0.202001  (       5      11      27)
           6    0.066201    0.201806  (       5      11      23)
           7    0.066201    0.201839  (       5      11      24)
           8    0.066202    0.202040  (       5      11      29)
           9    0.066208    0.202039  (       5      11      28)
          10    0.066229    0.201562  (       5      11      30)
          11    0.066246    0.201249  (       6      11      25)
          12    0.066263    0.201091  (       6      11      21)
          13    0.066267    0.201225  (       6      11      26)
          14    0.066271    0.201224  (       6      11      27)
          15    0.066273    0.201029  (       6      11      22)
          16    0.066277    0.201263  (       6      11      29)
          17    0.066281    0.201263  (       6      11      28)
          18    0.066285    0.201056  (       6      11      24)
          19    0.066286    0.201022  (       6      11      23)
          20    0.066329    0.200770  (       6      11      30)
          21    0.072473    0.204350  (       6      16      19)
          22    0.072474    0.204929  (       5      16      19)
          23    0.072624    0.204851  (       5      15      30)
          24    0.072850    0.205767  (       5      15      23)
          25    0.072873    0.205778  (       5      15      22)
          26    0.072899    0.205955  (       5      15      24)
          27    0.072931    0.205960  (       5      15      21)
          28    0.072992    0.210921  (       6      15      30)
          29    0.073093    0.206323  (       5      15      25)
          30    0.073098    0.206489  (       5      15      27)
          31    0.073103    0.206496  (       5      15      26)
          32    0.073136    0.206654  (       5      15      28)
          33    0.073145    0.206626  (       5      15      29)
          34    0.073203    0.211829  (       6      15      23)
          35    0.073228    0.211839  (       6      15      22)
          36    0.073251    0.212017  (       6      15      24)
          37    0.073283    0.212019  (       6      15      21)
          38    0.073437    0.212376  (       6      15      25)
          39    0.073443    0.212545  (       6      15      27)
          40    0.073448    0.212553  (       6      15      26)
          41    0.073478    0.212709  (       6      15      28)
          42    0.073488    0.212681  (       6      15      29)
          43    0.074931    0.217201  (       4      11      30)
          44    0.074966    0.217992  (       4      11      22)
          45    0.074971    0.217947  (       4      11      23)
          46    0.074975    0.218056  (       4      11      24)
          47    0.074982    0.218176  (       4      11      21)
          48    0.075023    0.218592  (       4      11      26)
          49    0.075024    0.218580  (       4      11      27)
          50    0.075036    0.218646  (       4      11      25)
          51    0.075040    0.218696  (       4      11      29)
          52    0.075040    0.218682  (       4      11      28)
          53    0.077230    0.249200  (       3       5      11)
          54    0.077521    0.213961  (       4      15      30)
          55    0.077793    0.214595  (       4      15      23)
          56    0.077814    0.214622  (       4      15      22)
          57    0.077841    0.214679  (       4      15      24)
          58    0.077855    0.249222  (       2       5      11)
          59    0.077889    0.214776  (       4      15      21)
          60    0.078068    0.215103  (       4      15      27)
          61    0.078075    0.215110  (       4      15      26)
          62    0.078089    0.215166  (       4      15      25)
          63    0.078113    0.215192  (       4      15      28)
          64    0.078120    0.215200  (       4      15      29)
          65    0.078653    0.266621  (       5       9      11)
          66    0.080241    0.187009  (       9      11      29)
          67    0.080246    0.187008  (       9      11      28)
          68    0.080251    0.186975  (       9      11      27)
          69    0.080253    0.186990  (       9      11      25)
          70    0.080258    0.186974  (       9      11      26)
          71    0.080280    0.186863  (       9      11      21)
          72    0.080282    0.186838  (       9      11      24)
          73    0.080287    0.186815  (       9      11      22)
          74    0.080289    0.186810  (       9      11      23)
          75    0.080309    0.253357  (       5       8      11)
          76    0.080365    0.186604  (       9      11      30)
          77    0.080683    0.253746  (       5       7      11)
          78    0.080932    0.295874  (       5      12      30)
          79    0.080953    0.296477  (       5      12      23)
          80    0.080965    0.296591  (       5      12      24)
          81    0.080973    0.296674  (       5      12      22)
          82    0.080974    0.296800  (       5      12      21)
          83    0.081016    0.297281  (       5      12      25)
          84    0.081017    0.297185  (       5      12      26)
          85    0.081019    0.297161  (       5      12      28)
          86    0.081022    0.297189  (       5      12      27)
          87    0.081036    0.297291  (       5      12      29)
          88    0.081553    0.301433  (       6      12      30)
          89    0.081559    0.302027  (       6      12      23)
          90    0.081570    0.302140  (       6      12      24)
          91    0.081580    0.302350  (       6      12      21)
          92    0.081582    0.302226  (       6      12      22)
          93    0.081597    0.210639  (       4      12      30)
          94    0.081614    0.302704  (       6      12      28)
          95    0.081615    0.302828  (       6      12      25)
          96    0.081616    0.302732  (       6      12      26)
          97    0.081621    0.302736  (       6      12      27)
          98    0.081633    0.302836  (       6      12      29)
          99    0.081702    0.211441  (       4      12      23)
         100    0.081715    0.211629  (       4      12      22)
