        Rank     LS_RMSE    LS_MaxAE  Feature_ID
           1    0.119678    0.442839  (       1)
           2    0.120450    0.466690  (       2)
           3    0.120989    0.469243  (       3)
           4    0.121317    0.486154  (       4)
           5    0.121809    0.485961  (       5)
           6    0.121948    0.479757  (       6)
           7    0.121998    0.454123  (       7)
           8    0.122385    0.455785  (       8)
           9    0.122542    0.507144  (       9)
          10    0.123438    0.365728  (      10)
