        Rank     LS_RMSE    LS_MaxAE  Feature_ID
           1    0.049741    0.139051  (       5      11      25      31)
           2    0.049746    0.139006  (       5      11      29      31)
           3    0.049748    0.138995  (       5      11      28      31)
           4    0.049761    0.139019  (       5      11      26      31)
           5    0.049795    0.139065  (       5      11      27      31)
           6    0.050010    0.139333  (       5      11      21      31)
           7    0.050111    0.139423  (       5      11      24      31)
           8    0.050136    0.139473  (       5      11      22      31)
           9    0.050142    0.137003  (       5      11      25      32)
          10    0.050146    0.136952  (       5      11      29      32)
          11    0.050148    0.136941  (       5      11      28      32)
          12    0.050161    0.136968  (       5      11      26      32)
          13    0.050191    0.139528  (       5      11      23      31)
          14    0.050192    0.137014  (       5      11      27      32)
          15    0.050398    0.137289  (       5      11      21      32)
          16    0.050494    0.137377  (       5      11      24      32)
          17    0.050518    0.137430  (       5      11      22      32)
          18    0.050570    0.137484  (       5      11      23      32)
          19    0.050631    0.139978  (       5      11      30      31)
          20    0.050954    0.168084  (       5      11      29      36)
          21    0.050956    0.168109  (       5      11      25      36)
          22    0.050961    0.168083  (       5      11      28      36)
          23    0.050989    0.168094  (       5      11      26      36)
          24    0.050994    0.137945  (       5      11      30      32)
          25    0.051013    0.168111  (       5      11      27      36)
          26    0.051030    0.145833  (       5      11      25      33)
          27    0.051054    0.145909  (       5      11      29      33)
          28    0.051061    0.145891  (       5      11      28      33)
          29    0.051062    0.145774  (       5      11      26      33)
          30    0.051071    0.145761  (       5      11      27      33)
          31    0.051146    0.145247  (       5      11      21      33)
          32    0.051198    0.145018  (       5      11      22      33)
          33    0.051199    0.145102  (       5      11      24      33)
          34    0.051224    0.144961  (       5      11      23      33)
          35    0.051250    0.168227  (       5      11      21      36)
          36    0.051302    0.098857  (       4      11      28      36)
          37    0.051303    0.098863  (       4      11      29      36)
          38    0.051333    0.098835  (       4      11      26      36)
          39    0.051346    0.098865  (       4      11      25      36)
          40    0.051351    0.168263  (       5      11      24      36)
          41    0.051357    0.098848  (       4      11      27      36)
          42    0.051379    0.168283  (       5      11      22      36)
          43    0.051429    0.168307  (       5      11      23      36)
          44    0.051432    0.144030  (       5      11      30      33)
          45    0.051559    0.154720  (       5      11      25      37)
          46    0.051564    0.154686  (       5      11      29      37)
          47    0.051569    0.154683  (       5      11      28      37)
          48    0.051583    0.154697  (       5      11      26      37)
          49    0.051585    0.098813  (       4      11      21      36)
          50    0.051605    0.154720  (       5      11      27      37)
          51    0.051654    0.098805  (       4      11      24      36)
          52    0.051697    0.098802  (       4      11      22      36)
          53    0.051740    0.098806  (       4      11      23      36)
          54    0.051750    0.156338  (       5      11      29      40)
          55    0.051752    0.156381  (       5      11      25      40)
          56    0.051755    0.156334  (       5      11      28      40)
          57    0.051775    0.156356  (       5      11      26      40)
          58    0.051783    0.157480  (       5      11      25      39)
          59    0.051783    0.154867  (       5      11      21      37)
          60    0.051786    0.157446  (       5      11      29      39)
          61    0.051791    0.157443  (       5      11      28      39)
          62    0.051802    0.156385  (       5      11      27      40)
          63    0.051808    0.157458  (       5      11      26      39)
          64    0.051826    0.146611  (       5      11      25      35)
          65    0.051827    0.157476  (       5      11      27      39)
          66    0.051848    0.146686  (       5      11      29      35)
          67    0.051852    0.147982  (       5      11      25      34)
          68    0.051856    0.146668  (       5      11      28      35)
          69    0.051858    0.146551  (       5      11      26      35)
          70    0.051867    0.154912  (       5      11      24      37)
          71    0.051867    0.146538  (       5      11      27      35)
          72    0.051875    0.148058  (       5      11      29      34)
          73    0.051883    0.148040  (       5      11      28      34)
          74    0.051883    0.147922  (       5      11      26      34)
          75    0.051884    0.154939  (       5      11      22      37)
          76    0.051892    0.147909  (       5      11      27      34)
          77    0.051910    0.168498  (       5      11      30      36)
          78    0.051929    0.154970  (       5      11      23      37)
          79    0.051947    0.146022  (       5      11      21      35)
          80    0.051968    0.147390  (       5      11      21      34)
          81    0.052000    0.145877  (       5      11      24      35)
          82    0.052000    0.145793  (       5      11      22      35)
          83    0.052001    0.157604  (       5      11      21      39)
          84    0.052020    0.147160  (       5      11      22      34)
          85    0.052020    0.147244  (       5      11      24      34)
          86    0.052022    0.156589  (       5      11      21      40)
          87    0.052027    0.145736  (       5      11      23      35)
          88    0.052046    0.147102  (       5      11      23      34)
          89    0.052080    0.157639  (       5      11      24      39)
          90    0.052098    0.157664  (       5      11      22      39)
          91    0.052118    0.156651  (       5      11      24      40)
          92    0.052139    0.157688  (       5      11      23      39)
          93    0.052143    0.156688  (       5      11      22      40)
          94    0.052185    0.098732  (       4      11      30      36)
          95    0.052195    0.156728  (       5      11      23      40)
          96    0.052241    0.144804  (       5      11      30      35)
          97    0.052253    0.146164  (       5      11      30      34)
          98    0.052304    0.155211  (       5      11      30      37)
          99    0.052507    0.157895  (       5      11      30      39)
         100    0.052521    0.135355  (       5      11      25      38)
