        Rank     LS_RMSE    LS_MaxAE  Feature_ID
           1    0.087418    0.325556  (       5      11)
           2    0.087935    0.330991  (       6      11)
           3    0.089559    0.229726  (       9      11)
           4    0.091919    0.293201  (       4      11)
           5    0.092177    0.204200  (       2      11)
           6    0.092432    0.203367  (       3      11)
           7    0.093027    0.220878  (       9      15)
           8    0.094201    0.198932  (       2      15)
           9    0.094467    0.198052  (       3      15)
          10    0.094704    0.208181  (       9      12)
          11    0.094788    0.319119  (       5      15)
          12    0.095477    0.324625  (       6      15)
          13    0.095810    0.189764  (       2      12)
          14    0.096167    0.267535  (       1      11)
          15    0.096171    0.188802  (       3      12)
          16    0.096273    0.285982  (       4      15)
          17    0.096294    0.258534  (       7      11)
          18    0.096514    0.258485  (       8      11)
          19    0.096652    0.232336  (       9      13)
          20    0.096673    0.275822  (       4      12)
          21    0.096793    0.227519  (       9      14)
          22    0.097290    0.187307  (       2      14)
          23    0.097565    0.191165  (       2      13)
          24    0.097672    0.190026  (       3      14)
          25    0.097829    0.269555  (       4      13)
          26    0.097991    0.193874  (       3      13)
          27    0.098090    0.310091  (       5      12)
          28    0.098169    0.250929  (       9      16)
          29    0.098183    0.242992  (       9      18)
          30    0.098192    0.248447  (       9      17)
          31    0.098309    0.257494  (       1      12)
          32    0.098373    0.201787  (       2      18)
          33    0.098402    0.209226  (       2      16)
          34    0.098407    0.206869  (       2      17)
          35    0.098455    0.254652  (       7      15)
          36    0.098583    0.263907  (       1      15)
          37    0.098662    0.254557  (       9      19)
          38    0.098684    0.254589  (       8      15)
          39    0.098728    0.263683  (       4      14)
          40    0.098762    0.204606  (       3      18)
          41    0.098784    0.212592  (       2      19)
          42    0.098799    0.212073  (       3      16)
          43    0.098806    0.209704  (       3      17)
          44    0.098814    0.257627  (       9      20)
          45    0.098877    0.253502  (       1      13)
          46    0.098921    0.215477  (       2      20)
          47    0.098977    0.315788  (       6      12)
          48    0.099187    0.215460  (       3      19)
          49    0.099326    0.218362  (       3      20)
          50    0.099390    0.247475  (       7      12)
          51    0.099636    0.255378  (       1      14)
          52    0.099674    0.247372  (       8      12)
          53    0.099863    0.257762  (       4      16)
          54    0.099949    0.257251  (       4      17)
          55    0.100091    0.259995  (       4      18)
          56    0.100364    0.261020  (       4      19)
          57    0.100468    0.263952  (       4      20)
          58    0.100480    0.328358  (       5      13)
          59    0.100481    0.253852  (       1      16)
          60    0.100490    0.253788  (       1      17)
          61    0.100623    0.254151  (       1      18)
          62    0.100645    0.243112  (       7      13)
          63    0.100739    0.245172  (       7      14)
          64    0.100779    0.253254  (       1      19)
          65    0.100809    0.322971  (       5      14)
          66    0.100891    0.253151  (       1      20)
          67    0.100967    0.242991  (       8      13)
          68    0.101036    0.245060  (       8      14)
          69    0.101404    0.333490  (       6      13)
          70    0.101656    0.328236  (       6      14)
          71    0.101719    0.243508  (       7      16)
          72    0.101722    0.243438  (       7      17)
          73    0.101757    0.243843  (       7      18)
          74    0.102026    0.243389  (       8      16)
          75    0.102029    0.243319  (       8      17)
          76    0.102052    0.242856  (       7      19)
          77    0.102058    0.243726  (       8      18)
          78    0.102179    0.242745  (       7      20)
          79    0.102363    0.242735  (       8      19)
          80    0.102447    0.343969  (       5      16)
          81    0.102490    0.242623  (       8      20)
          82    0.102510    0.341652  (       5      17)
          83    0.102553    0.336480  (       5      18)
          84    0.103067    0.346959  (       5      19)
          85    0.103225    0.349661  (       5      20)
          86    0.103286    0.348853  (       6      16)
          87    0.103351    0.346562  (       6      17)
          88    0.103391    0.341460  (       6      18)
          89    0.103447    0.276768  (      10      11)
          90    0.103903    0.351752  (       6      19)
          91    0.104062    0.354396  (       6      20)
          92    0.107978    0.384939  (       3      10)
          93    0.108305    0.385701  (       2      10)
          94    0.108846    0.452113  (       3       5)
          95    0.109124    0.272219  (      10      15)
          96    0.109272    0.452045  (       2       5)
          97    0.110071    0.407147  (       9      10)
          98    0.110490    0.446702  (       5       8)
          99    0.110767    0.446688  (       5       7)
         100    0.110966    0.266146  (      10      12)
