        Rank     LS_RMSE    LS_MaxAE  Feature_ID
           1    0.037741    0.089129  (       2      12      21      27      38      42)
           2    0.037742    0.088801  (       2      12      21      25      38      42)
           3    0.037742    0.088801  (       2      12      21      24      38      42)
           4    0.037853    0.089093  (       2      12      21      28      38      42)
           5    0.037870    0.095405  (       8      12      24      38      41      56)
           6    0.037870    0.095405  (       8      12      25      38      41      56)
           7    0.037920    0.089275  (       2      12      21      30      38      42)
           8    0.037932    0.094888  (       8      12      27      38      41      56)
           9    0.037944    0.096406  (       2      17      20      22      38      44)
          10    0.037966    0.094805  (       8      12      24      38      42      56)
          11    0.037966    0.094805  (       8      12      25      38      42      56)
          12    0.037978    0.082888  (       8      12      25      38      42      52)
          13    0.037978    0.082888  (       8      12      24      38      42      52)
          14    0.037988    0.089990  (       8      12      25      38      41      52)
          15    0.037988    0.089990  (       8      12      24      38      41      52)
          16    0.038009    0.096366  (       2      18      20      22      38      44)
          17    0.038019    0.101127  (       2      12      21      25      38      47)
          18    0.038019    0.101127  (       2      12      21      25      38      46)
          19    0.038019    0.101127  (       2      12      21      24      38      47)
          20    0.038019    0.101127  (       2      12      21      24      38      46)
          21    0.038022    0.094292  (       8      12      27      38      42      56)
          22    0.038024    0.089426  (       2      12      21      26      38      42)
          23    0.038025    0.101493  (       2      12      21      27      38      47)
          24    0.038025    0.101493  (       2      12      21      27      38      46)
          25    0.038029    0.096430  (       2      17      20      22      38      41)
          26    0.038042    0.101135  (       2      12      21      25      38      48)
          27    0.038042    0.101135  (       2      12      21      24      38      48)
          28    0.038048    0.101500  (       2      12      21      27      38      48)
          29    0.038073    0.082876  (       8      12      27      38      42      52)
          30    0.038074    0.081244  (       8      13      27      38      42      51)
          31    0.038085    0.090011  (       8      12      27      38      41      52)
          32    0.038087    0.094645  (       8      12      28      38      41      56)
          33    0.038094    0.096389  (       2      18      20      22      38      41)
          34    0.038110    0.101161  (       2      12      21      25      38      49)
          35    0.038110    0.101161  (       2      12      21      24      38      49)
          36    0.038115    0.101525  (       2      12      21      27      38      49)
          37    0.038127    0.094610  (       8      12      30      38      41      56)
          38    0.038135    0.101441  (       2      12      21      28      38      47)
          39    0.038135    0.101441  (       2      12      21      28      38      46)
          40    0.038139    0.080944  (       8      13      28      38      42      51)
          41    0.038149    0.081793  (       8      13      25      38      42      51)
          42    0.038149    0.081794  (       8      13      24      38      42      51)
          43    0.038153    0.085957  (       8      11      27      38      41      51)
          44    0.038158    0.101449  (       2      12      21      28      38      48)
          45    0.038164    0.082869  (       8      12      28      38      42      52)
          46    0.038164    0.083171  (       8      12      30      38      42      52)
          47    0.038174    0.080913  (       8      13      30      38      42      51)
          48    0.038176    0.089988  (       8      12      28      38      41      52)
          49    0.038178    0.094051  (       8      12      28      38      42      56)
          50    0.038183    0.090297  (       8      12      30      38      41      52)
          51    0.038188    0.100117  (       8      12      24      38      41      53)
          52    0.038188    0.100117  (       8      12      25      38      41      53)
          53    0.038199    0.086626  (       8      11      27      38      42      51)
          54    0.038201    0.093957  (       8      12      24      38      43      56)
          55    0.038201    0.093957  (       8      12      25      38      43      56)
          56    0.038202    0.086057  (       8      11      25      38      41      51)
          57    0.038202    0.086057  (       8      11      24      38      41      51)
          58    0.038202    0.101620  (       2      12      21      30      38      47)
          59    0.038202    0.101620  (       2      12      21      30      38      46)
          60    0.038209    0.096060  (       2      17      20      22      38      43)
          61    0.038211    0.094019  (       8      12      30      38      42      56)
          62    0.038225    0.101628  (       2      12      21      30      38      48)
          63    0.038226    0.101474  (       2      12      21      28      38      49)
          64    0.038230    0.080933  (       8      13      26      38      42      51)
          65    0.038230    0.099533  (       8      12      27      38      41      53)
          66    0.038245    0.097164  (       1      17      20      22      38      44)
          67    0.038249    0.083080  (       8      12      26      38      42      52)
          68    0.038254    0.086726  (       8      11      25      38      42      51)
          69    0.038254    0.086726  (       8      11      24      38      42      51)
          70    0.038259    0.079968  (       8      13      27      38      49      51)
          71    0.038263    0.093438  (       8      12      27      38      43      56)
          72    0.038264    0.086060  (       8      11      27      38      43      51)
          73    0.038271    0.085435  (       8      12      27      38      41      51)
          74    0.038272    0.090216  (       8      12      26      38      41      52)
          75    0.038272    0.095230  (       8      12      24      38      44      56)
          76    0.038272    0.095230  (       8      12      25      38      44      56)
          77    0.038274    0.096019  (       2      18      20      22      38      43)
          78    0.038275    0.097233  (       1      17      20      22      38      41)
          79    0.038276    0.095012  (       8      12      24      38      45      56)
          80    0.038276    0.095012  (       8      12      25      38      45      56)
          81    0.038277    0.096026  (       2      17      20      22      38      50)
          82    0.038282    0.096083  (       2      17      20      22      38      45)
          83    0.038292    0.101653  (       2      12      21      30      38      49)
          84    0.038299    0.086301  (       8      11      28      38      41      51)
          85    0.038307    0.101780  (       2      12      21      26      38      47)
          86    0.038307    0.101780  (       2      12      21      26      38      46)
          87    0.038311    0.082027  (       8      12      25      38      42      55)
          88    0.038311    0.082027  (       8      12      24      38      42      55)
          89    0.038312    0.086160  (       8      11      25      38      43      51)
          90    0.038312    0.086160  (       8      11      24      38      43      51)
          91    0.038314    0.097125  (       1      18      20      22      38      44)
          92    0.038316    0.093142  (       8      12      24      38      49      56)
          93    0.038316    0.093142  (       8      12      25      38      49      56)
          94    0.038318    0.081697  (       8      13      27      38      41      51)
          95    0.038319    0.079827  (       8      13      27      38      48      51)
          96    0.038324    0.079671  (       8      13      28      38      49      51)
          97    0.038328    0.089054  (       8      12      25      38      41      55)
          98    0.038328    0.089055  (       8      12      24      38      41      55)
          99    0.038328    0.094569  (       8      12      26      38      41      56)
         100    0.038329    0.080524  (       8      13      25      38      49      51)
