        Rank     LS_RMSE    LS_MaxAE  Feature_ID
           1    0.066311    0.160260  (       1      14      24)
           2    0.066311    0.160260  (       1      14      25)
           3    0.066505    0.161898  (       1      14      27)
           4    0.066660    0.163096  (       1      14      28)
           5    0.066679    0.162913  (       1      14      30)
           6    0.066824    0.131658  (       3      14      24)
           7    0.066824    0.131658  (       3      14      25)
           8    0.066844    0.162545  (       1      14      26)
           9    0.066995    0.132279  (       3      14      27)
          10    0.067050    0.162265  (       4      13      22)
          11    0.067164    0.132210  (       3      14      28)
          12    0.067215    0.166791  (       2      14      24)
          13    0.067215    0.166791  (       2      14      25)
          14    0.067218    0.132416  (       3      14      30)
          15    0.067393    0.212942  (       5      13      23)
          16    0.067412    0.168477  (       2      14      27)
          17    0.067434    0.132722  (       3      14      26)
          18    0.067456    0.162475  (       4      15      22)
          19    0.067560    0.169715  (       2      14      28)
          20    0.067570    0.169535  (       2      14      30)
          21    0.067593    0.208991  (       5      15      23)
          22    0.067637    0.172568  (       4      13      29)
          23    0.067721    0.169174  (       2      14      26)
          24    0.067811    0.212896  (       5      11      21)
          25    0.067828    0.179476  (       4      13      24)
          26    0.067828    0.179476  (       4      13      25)
          27    0.067847    0.177980  (       4      13      26)
          28    0.067876    0.179297  (       4      13      27)
          29    0.067879    0.178713  (       4      13      30)
          30    0.067883    0.203593  (       5      11      23)
          31    0.067890    0.178961  (       4      13      28)
          32    0.067921    0.165826  (       4      16      22)
          33    0.067957    0.152227  (       1      14      22)
          34    0.068007    0.181457  (       4      15      24)
          35    0.068007    0.181457  (       4      15      25)
          36    0.068050    0.195075  (       5      13      22)
          37    0.068053    0.151661  (       1      14      29)
          38    0.068074    0.182926  (       4      15      27)
          39    0.068098    0.223131  (       5      13      21)
          40    0.068116    0.183696  (       4      15      26)
          41    0.068120    0.184019  (       4      15      28)
          42    0.068122    0.183877  (       4      15      30)
          43    0.068161    0.174961  (       4      15      29)
          44    0.068224    0.203407  (       5      13      29)
          45    0.068286    0.207872  (       5      13      26)
          46    0.068304    0.209209  (       5      13      24)
          47    0.068304    0.209209  (       5      13      25)
          48    0.068313    0.209015  (       5      13      27)
          49    0.068317    0.208707  (       5      13      28)
          50    0.068323    0.208516  (       5      13      30)
          51    0.068363    0.151584  (       2      14      22)
          52    0.068375    0.218761  (       5      15      21)
          53    0.068404    0.195454  (       5      15      22)
          54    0.068454    0.208916  (       5      15      24)
          55    0.068454    0.208916  (       5      15      25)
          56    0.068481    0.208764  (       5      15      27)
          57    0.068514    0.208531  (       5      15      28)
          58    0.068518    0.207786  (       5      15      26)
          59    0.068532    0.208371  (       5      15      30)
          60    0.068636    0.211860  (       5      16      23)
          61    0.068688    0.203984  (       5      15      29)
          62    0.068811    0.158035  (       2      14      29)
          63    0.068816    0.138889  (       6      13      22)
          64    0.068853    0.217739  (       5      12      21)
          65    0.068887    0.207791  (       5      12      23)
          66    0.068905    0.185825  (       4      16      29)
          67    0.068925    0.192116  (       4      16      24)
          68    0.068925    0.192117  (       4      16      25)
          69    0.068931    0.177244  (       4      11      24)
          70    0.068931    0.177244  (       4      11      25)
          71    0.068991    0.193609  (       4      16      27)
          72    0.068992    0.177103  (       4      11      27)
          73    0.069003    0.194443  (       4      16      26)
          74    0.069014    0.132550  (       3      14      29)
          75    0.069026    0.194590  (       4      16      30)
          76    0.069029    0.194727  (       4      16      28)
          77    0.069036    0.176855  (       4      11      28)
          78    0.069042    0.176655  (       4      11      30)
          79    0.069068    0.176084  (       4      11      26)
          80    0.069070    0.179076  (       6      13      24)
          81    0.069070    0.179077  (       6      13      25)
          82    0.069073    0.199957  (       5      16      22)
          83    0.069152    0.216784  (       9      13      23)
          84    0.069161    0.193692  (       9      13      22)
          85    0.069185    0.180975  (       6      13      27)
          86    0.069229    0.182230  (       6      13      30)
          87    0.069251    0.205107  (       5      11      24)
          88    0.069251    0.205107  (       5      11      25)
          89    0.069253    0.181972  (       6      13      26)
          90    0.069256    0.182390  (       6      13      28)
          91    0.069274    0.204950  (       5      11      27)
          92    0.069307    0.204721  (       5      11      28)
          93    0.069327    0.204570  (       5      11      30)
          94    0.069341    0.172151  (       4      11      29)
          95    0.069343    0.204070  (       5      11      26)
          96    0.069352    0.170558  (       6      13      29)
          97    0.069375    0.212868  (       9      15      23)
          98    0.069391    0.164289  (       4      11      22)
          99    0.069516    0.214756  (       5      16      24)
         100    0.069516    0.214756  (       5      16      25)
