        Rank     LS_RMSE    LS_MaxAE  Feature_ID
           1    0.055831    0.168492  (       8      12      25      38)
           2    0.055831    0.168493  (       8      12      24      38)
           3    0.055853    0.168723  (       8      12      27      38)
           4    0.055881    0.168555  (       8      12      28      38)
           5    0.055893    0.168296  (       8      12      26      38)
           6    0.055893    0.168362  (       8      12      30      38)
           7    0.056163    0.166032  (       8      11      25      38)
           8    0.056163    0.166032  (       8      11      24      38)
           9    0.056217    0.166276  (       8      11      27      38)
          10    0.056307    0.166134  (       8      11      28      38)
          11    0.056342    0.165950  (       8      11      30      38)
          12    0.056382    0.165336  (       8      12      29      38)
          13    0.056387    0.165902  (       8      11      26      38)
          14    0.056686    0.167753  (       8      12      25      33)
          15    0.056686    0.167754  (       8      12      24      33)
          16    0.056721    0.167978  (       8      12      27      33)
          17    0.056753    0.167808  (       8      12      28      33)
          18    0.056761    0.167615  (       8      12      30      33)
          19    0.056767    0.167545  (       8      12      26      33)
          20    0.056777    0.130271  (       1      14      24      39)
          21    0.056777    0.130271  (       1      14      25      39)
          22    0.056916    0.130325  (       1      14      27      39)
          23    0.056992    0.139576  (       1      14      24      34)
          24    0.056992    0.139576  (       1      14      25      34)
          25    0.057080    0.130302  (       1      14      28      39)
          26    0.057102    0.139679  (       1      14      27      34)
          27    0.057157    0.130130  (       1      14      30      39)
          28    0.057166    0.169281  (       8      12      25      31)
          29    0.057166    0.169281  (       8      12      24      31)
          30    0.057189    0.169521  (       8      12      27      31)
          31    0.057225    0.169351  (       8      12      28      31)
          32    0.057236    0.169154  (       8      12      30      31)
          33    0.057240    0.169089  (       8      12      26      31)
          34    0.057253    0.139677  (       1      14      28      34)
          35    0.057256    0.164567  (       8      12      29      33)
          36    0.057325    0.139493  (       1      14      30      34)
          37    0.057328    0.163163  (       8      11      29      38)
          38    0.057401    0.129801  (       1      14      26      39)
          39    0.057520    0.139643  (       2      14      24      39)
          40    0.057520    0.139643  (       2      14      25      39)
          41    0.057536    0.139172  (       1      14      26      34)
          42    0.057546    0.165196  (       8      11      25      33)
          43    0.057546    0.165197  (       8      11      24      33)
          44    0.057613    0.165435  (       8      11      27      33)
          45    0.057661    0.139703  (       2      14      27      39)
          46    0.057664    0.122057  (       5      13      23      24)
          47    0.057664    0.122057  (       5      13      23      25)
          48    0.057693    0.132669  (       5      13      21      24)
          49    0.057693    0.132669  (       5      13      21      25)
          50    0.057696    0.123352  (       5      13      23      27)
          51    0.057705    0.165291  (       8      11      28      33)
          52    0.057723    0.134003  (       5      13      21      27)
          53    0.057733    0.144162  (       1      14      24      35)
          54    0.057733    0.144162  (       1      14      25      35)
          55    0.057736    0.165108  (       8      11      30      33)
          56    0.057736    0.124339  (       5      13      23      28)
          57    0.057748    0.135011  (       5      13      21      28)
          58    0.057754    0.166727  (       8      11      25      31)
          59    0.057754    0.166728  (       8      11      24      31)
          60    0.057756    0.122275  (       1      14      24      31)
          61    0.057756    0.122276  (       1      14      25      31)
          62    0.057757    0.166076  (       8      12      29      31)
          63    0.057762    0.134695  (       5      13      21      26)
          64    0.057764    0.124218  (       5      13      23      30)
          65    0.057765    0.127163  (       3      14      24      37)
          66    0.057765    0.127163  (       3      14      25      37)
          67    0.057767    0.134877  (       5      13      21      30)
          68    0.057786    0.124071  (       5      13      23      26)
          69    0.057787    0.165057  (       8      11      26      33)
          70    0.057809    0.166982  (       8      11      27      31)
          71    0.057810    0.126003  (       3      14      24      35)
          72    0.057810    0.126003  (       3      14      25      35)
          73    0.057818    0.139655  (       2      14      28      39)
          74    0.057835    0.127307  (       3      14      27      37)
          75    0.057839    0.144305  (       1      14      27      35)
          76    0.057860    0.134352  (       1      14      24      32)
          77    0.057860    0.134352  (       1      14      25      32)
          78    0.057867    0.147188  (       8      13      25      38)
          79    0.057867    0.147188  (       8      13      24      38)
          80    0.057889    0.139456  (       2      14      30      39)
          81    0.057893    0.123713  (       1      14      27      31)
          82    0.057895    0.148820  (       2      14      24      34)
          83    0.057895    0.148820  (       2      14      25      34)
          84    0.057901    0.126140  (       3      14      27      35)
          85    0.057906    0.166838  (       8      11      28      31)
          86    0.057906    0.124420  (       3      14      24      36)
          87    0.057906    0.124420  (       3      14      25      36)
          88    0.057911    0.148930  (       8      13      27      38)
          89    0.057913    0.133669  (       5      11      21      24)
          90    0.057913    0.133669  (       5      11      21      25)
          91    0.057939    0.166650  (       8      11      30      31)
          92    0.057943    0.122767  (       1      14      24      33)
          93    0.057943    0.122768  (       1      14      25      33)
          94    0.057954    0.149787  (       8      13      26      38)
          95    0.057958    0.140881  (       5      15      23      24)
          96    0.057958    0.140881  (       5      15      23      25)
          97    0.057959    0.133793  (       5      11      21      27)
          98    0.057964    0.150220  (       8      13      28      38)
          99    0.057977    0.150105  (       8      13      30      38)
         100    0.057977    0.127465  (       3      14      28      37)
