        Rank     LS_RMSE    LS_MaxAE  Feature_ID
           1    0.077155    0.227810  (       5      13)
           2    0.077236    0.227376  (       5      15)
           3    0.077583    0.222554  (       5      11)
           4    0.077835    0.229155  (       3      14)
           5    0.078337    0.233648  (       5      16)
           6    0.078714    0.248106  (       4      13)
           7    0.078759    0.228326  (       9      13)
           8    0.078811    0.227001  (       5      12)
           9    0.078834    0.244149  (       4      15)
          10    0.078864    0.227929  (       9      15)
          11    0.079136    0.237074  (       4      11)
          12    0.079216    0.223269  (       9      11)
          13    0.079834    0.247762  (       4      16)
          14    0.079933    0.234140  (       9      16)
          15    0.080240    0.241160  (       4      12)
          16    0.080409    0.227742  (       9      12)
          17    0.080888    0.221000  (       7      11)
          18    0.081116    0.274727  (       1      14)
          19    0.081230    0.225969  (       7      12)
          20    0.081716    0.230611  (       7      13)
          21    0.082317    0.228027  (       7      15)
          22    0.082545    0.282618  (       2      14)
          23    0.082662    0.234286  (       5      19)
          24    0.083845    0.235430  (       7      16)
          25    0.083853    0.228069  (       4      19)
          26    0.084231    0.235223  (       9      19)
          27    0.084257    0.227073  (       7      19)
          28    0.085882    0.296289  (       6      11)
          29    0.085909    0.309339  (       6      13)
          30    0.086235    0.299160  (       6      12)
          31    0.086432    0.305953  (       6      15)
          32    0.087404    0.302731  (      10      12)
          33    0.087430    0.310304  (       6      16)
          34    0.087593    0.299556  (      10      11)
          35    0.087606    0.300493  (       8      12)
          36    0.087700    0.297392  (       8      11)
          37    0.087792    0.244798  (       2      13)
          38    0.087939    0.235441  (       2      11)
          39    0.088046    0.241492  (       2      15)
          40    0.088388    0.239030  (       2      12)
          41    0.088423    0.311767  (      10      13)
          42    0.088474    0.236102  (       1      13)
          43    0.088608    0.227237  (       1      11)
          44    0.088719    0.244688  (       2      16)
          45    0.088731    0.232797  (       1      15)
          46    0.088952    0.308972  (       8      13)
          47    0.089007    0.230927  (       1      12)
          48    0.089227    0.308251  (      10      15)
          49    0.089241    0.284501  (       6      19)
          50    0.089375    0.235825  (       1      16)
          51    0.089543    0.286740  (       8      19)
          52    0.089574    0.213491  (       3      18)
          53    0.089577    0.213484  (       3      17)
          54    0.089592    0.305652  (       8      15)
          55    0.089658    0.239946  (       1      18)
          56    0.089661    0.239937  (       1      17)
          57    0.089850    0.288408  (      10      19)
          58    0.090230    0.244894  (       2      18)
          59    0.090233    0.244884  (       2      17)
          60    0.090497    0.312175  (      10      16)
          61    0.090771    0.228252  (       2      19)
          62    0.090837    0.237409  (       1      20)
          63    0.090841    0.297029  (       7      14)
          64    0.090846    0.211101  (       3      20)
          65    0.090977    0.309353  (       8      16)
          66    0.091081    0.278872  (       4      14)
          67    0.091295    0.220629  (       1      19)
          68    0.091376    0.242358  (       2      20)
          69    0.091596    0.345911  (       8      14)
          70    0.092619    0.313823  (       5      14)
          71    0.092880    0.183945  (       3      11)
          72    0.092965    0.188258  (       3      12)
          73    0.093193    0.190561  (       3      13)
          74    0.093403    0.313006  (       9      14)
          75    0.093522    0.189210  (       3      15)
          76    0.094230    0.190772  (       3      16)
          77    0.094434    0.297617  (       4      18)
          78    0.094436    0.297612  (       4      17)
          79    0.094648    0.179869  (       3      19)
          80    0.095654    0.328700  (       5      18)
          81    0.095656    0.328694  (       5      17)
          82    0.095725    0.326728  (       9      18)
          83    0.095727    0.326723  (       9      17)
          84    0.095855    0.305893  (       4      20)
          85    0.095901    0.302186  (       8      18)
          86    0.095904    0.302199  (       8      17)
          87    0.096802    0.297208  (       8      20)
          88    0.096911    0.338447  (      10      14)
          89    0.096946    0.320592  (       7      18)
          90    0.096948    0.320587  (       7      17)
          91    0.097237    0.335041  (       9      20)
          92    0.097251    0.336976  (       5      20)
          93    0.097708    0.331130  (       6      14)
          94    0.098427    0.328823  (       7      20)
          95    0.100339    0.295085  (       6      18)
          96    0.100343    0.295096  (       6      17)
          97    0.101316    0.290630  (       6      20)
          98    0.101648    0.298540  (      10      18)
          99    0.101652    0.298551  (      10      17)
         100    0.102593    0.294190  (      10      20)
