        Rank     LS_RMSE    LS_MaxAE  Feature_ID
           1    0.110597    0.249682  (       1)
           2    0.110849    0.255344  (       2)
           3    0.111761    0.286614  (       3)
           4    0.112662    0.345743  (       4)
           5    0.113337    0.373958  (       5)
           6    0.114494    0.292816  (       6)
           7    0.114531    0.366853  (       7)
           8    0.114536    0.295260  (       8)
           9    0.114557    0.375171  (       9)
          10    0.114856    0.296883  (      10)
