        Rank     LS_RMSE    LS_MaxAE  Feature_ID
           1    0.042268    0.095471  (       8      12      27      38      41)
           2    0.042338    0.095976  (       8      12      25      38      41)
           3    0.042338    0.095976  (       8      12      24      38      41)
           4    0.042369    0.095234  (       8      12      28      38      41)
           5    0.042400    0.095147  (       8      12      26      38      41)
           6    0.042407    0.095201  (       8      12      30      38      41)
           7    0.042456    0.094168  (       8      12      27      38      43)
           8    0.042487    0.094886  (       8      12      27      38      42)
           9    0.042517    0.095320  (       8      12      27      38      44)
          10    0.042523    0.094678  (       8      12      25      38      43)
          11    0.042523    0.094678  (       8      12      24      38      43)
          12    0.042557    0.093934  (       8      12      28      38      43)
          13    0.042561    0.095388  (       8      12      25      38      42)
          14    0.042561    0.095388  (       8      12      24      38      42)
          15    0.042579    0.095831  (       8      12      25      38      44)
          16    0.042579    0.095831  (       8      12      24      38      44)
          17    0.042583    0.093848  (       8      12      26      38      43)
          18    0.042588    0.094651  (       8      12      28      38      42)
          19    0.042591    0.093902  (       8      12      30      38      43)
          20    0.042604    0.095098  (       8      12      27      38      45)
          21    0.042607    0.094568  (       8      12      26      38      42)
          22    0.042617    0.095083  (       8      12      28      38      44)
          23    0.042619    0.094621  (       8      12      30      38      42)
          24    0.042633    0.093202  (       8      12      27      38      47)
          25    0.042633    0.093202  (       8      12      27      38      46)
          26    0.042649    0.093248  (       8      12      27      38      48)
          27    0.042649    0.094993  (       8      12      26      38      44)
          28    0.042655    0.095049  (       8      12      30      38      44)
          29    0.042668    0.095606  (       8      12      25      38      45)
          30    0.042668    0.095606  (       8      12      24      38      45)
          31    0.042681    0.095022  (       8      12      27      38      50)
          32    0.042697    0.093393  (       8      12      27      38      49)
          33    0.042700    0.093711  (       8      12      25      38      47)
          34    0.042700    0.093711  (       8      12      25      38      46)
          35    0.042700    0.093711  (       8      12      24      38      47)
          36    0.042700    0.093711  (       8      12      24      38      46)
          37    0.042702    0.094862  (       8      12      28      38      45)
          38    0.042717    0.093757  (       8      12      25      38      48)
          39    0.042717    0.093757  (       8      12      24      38      48)
          40    0.042730    0.094775  (       8      12      26      38      45)
          41    0.042733    0.092970  (       8      12      28      38      47)
          42    0.042733    0.092970  (       8      12      28      38      46)
          43    0.042739    0.094829  (       8      12      30      38      45)
          44    0.042744    0.095532  (       8      12      25      38      50)
          45    0.042744    0.095532  (       8      12      24      38      50)
          46    0.042749    0.093016  (       8      12      28      38      48)
          47    0.042753    0.092887  (       8      12      26      38      47)
          48    0.042753    0.092887  (       8      12      26      38      46)
          49    0.042764    0.092940  (       8      12      30      38      47)
          50    0.042764    0.092940  (       8      12      30      38      46)
          51    0.042766    0.093901  (       8      12      25      38      49)
          52    0.042766    0.093901  (       8      12      24      38      49)
          53    0.042770    0.092933  (       8      12      26      38      48)
          54    0.042779    0.094786  (       8      12      28      38      50)
          55    0.042780    0.092986  (       8      12      30      38      48)
          56    0.042798    0.093160  (       8      12      28      38      49)
          57    0.042807    0.094699  (       8      12      26      38      50)
          58    0.042815    0.094753  (       8      12      30      38      50)
          59    0.042818    0.093077  (       8      12      26      38      49)
          60    0.042829    0.093130  (       8      12      30      38      49)
          61    0.043196    0.149235  (       2      17      20      22      38)
          62    0.043251    0.149078  (       2      18      20      22      38)
          63    0.043718    0.092447  (       8      12      29      38      41)
          64    0.043848    0.091188  (       8      12      29      38      43)
          65    0.043867    0.091911  (       8      12      29      38      42)
          66    0.043890    0.095746  (       8      12      27      33      41)
          67    0.043937    0.096044  (       8      12      25      33      41)
          68    0.043937    0.096044  (       8      12      24      33      41)
          69    0.043953    0.150534  (       1      17      20      22      38)
          70    0.043956    0.092280  (       8      12      29      38      44)
          71    0.043959    0.097968  (       8      12      27      31      41)
          72    0.043984    0.090264  (       8      12      29      38      47)
          73    0.043984    0.090264  (       8      12      29      38      46)
          74    0.043993    0.096101  (       8      12      28      33      41)
          75    0.044001    0.090309  (       8      12      29      38      48)
          76    0.044011    0.150377  (       1      18      20      22      38)
          77    0.044017    0.092080  (       8      12      29      38      45)
          78    0.044023    0.096152  (       8      12      30      33      41)
          79    0.044026    0.096330  (       8      12      26      33      41)
          80    0.044027    0.098470  (       8      12      25      31      41)
          81    0.044027    0.098470  (       8      12      24      31      41)
          82    0.044050    0.090448  (       8      12      29      38      49)
          83    0.044053    0.095693  (       8      12      27      33      43)
          84    0.044069    0.097733  (       8      12      28      31      41)
          85    0.044072    0.108586  (       8      11      27      38      41)
          86    0.044073    0.096331  (       8      12      27      33      42)
          87    0.044088    0.092002  (       8      12      29      38      50)
          88    0.044094    0.107014  (       8      11      25      38      41)
          89    0.044094    0.107014  (       8      11      24      38      41)
          90    0.044098    0.095965  (       8      12      25      33      43)
          91    0.044098    0.095965  (       8      12      24      33      43)
          92    0.044104    0.097696  (       8      12      30      31      41)
          93    0.044104    0.097646  (       8      12      26      31      41)
          94    0.044116    0.095390  (       8      12      27      33      44)
          95    0.044126    0.096602  (       8      12      25      33      42)
          96    0.044126    0.096602  (       8      12      24      33      42)
          97    0.044148    0.096678  (       8      12      27      31      43)
          98    0.044155    0.096048  (       8      12      28      33      43)
          99    0.044156    0.095904  (       8      12      25      33      44)
         100    0.044156    0.095904  (       8      12      24      33      44)
