    0.21895E+00
    0.16955E+00
    0.22355E+00
    0.23195E+00
    0.23675E+00
    0.26546E+00
   -0.71335E+00
    0.22500E-02
    0.24915E+00
    0.16685E+00
    0.27875E+00
   -0.14420E-01
    0.31310E-01
   -0.14969E+00
    0.76410E-01
    0.11149E+00
    0.44700E-02
   -0.46928E+00
   -0.63480E-01
   -0.14383E+00
   -0.14470E-01
    0.10028E+00
    0.26680E-01
    0.11778E+00
    0.13232E+00
    0.25920E-01
    0.15782E+00
    0.61000E-01
   -0.24400E-01
    0.11780E+00
    0.21400E-01
   -0.34180E-01
   -0.19873E+00
   -0.88230E-01
   -0.60520E-01
   -0.32697E+00
   -0.14310E+00
   -0.10420E+00
   -0.41588E+00
   -0.14648E+00
   -0.41090E-01
    0.24340E+00
   -0.11907E+00
