    0.22740E+00
    0.17800E+00
    0.23200E+00
    0.24040E+00
    0.24520E+00
    0.27667E+00
   -0.70715E+00
    0.84500E-02
    0.25535E+00
    0.17305E+00
    0.28495E+00
   -0.16960E-01
    0.24380E-01
   -0.15662E+00
    0.69480E-01
    0.90110E-01
    0.20160E-01
   -0.46954E+00
   -0.63740E-01
   -0.13333E+00
   -0.22100E-01
    0.95930E-01
    0.22330E-01
    0.11343E+00
    0.13084E+00
    0.24440E-01
    0.15634E+00
    0.51990E-01
   -0.33410E-01
    0.10879E+00
    0.12390E-01
   -0.43770E-01
   -0.18823E+00
   -0.77730E-01
   -0.66810E-01
   -0.31604E+00
   -0.15211E+00
   -0.11321E+00
   -0.41614E+00
   -0.14674E+00
   -0.29220E-01
    0.23439E+00
   -0.12366E+00
