    0.22686E-01
    0.92900E-02
    0.46720E-01
    0.91580E-01
    0.19120E-01
    0.39220E-01
   -0.28100E-01
    0.15200E-02
    0.62590E-01
    0.16380E-01
    0.61450E-01
   -0.64170E-01
   -0.83500E-01
   -0.16849E+00
   -0.53750E-01
   -0.19270E-01
    0.99510E-01
   -0.28310E-01
   -0.53200E-02
    0.44650E-01
   -0.42000E-02
   -0.84080E-01
    0.11960E-01
    0.15930E-01
    0.20730E-01
    0.45400E-02
   -0.32190E-01
    0.11620E-01
   -0.52240E-01
   -0.36270E-01
   -0.14090E-01
   -0.28440E-01
    0.35100E-01
    0.31490E-01
    0.15490E-01
   -0.25220E-01
   -0.99040E-01
    0.66550E-01
    0.87450E-01
    0.14450E-01
    0.68060E-01
    0.35758E-01
   -0.10714E+00
