    0.82420E-01
    0.61350E-01
   -0.70353E-01
   -0.91912E-01
   -0.77803E-01
   -0.35354E-01
   -0.10618E+00
   -0.12230E-01
    0.92600E-01
    0.45180E-01
    0.93520E-01
    0.48350E-01
   -0.83520E-01
    0.24440E-01
   -0.48590E-01
   -0.11170E+00
    0.16026E+00
   -0.60740E-01
   -0.14970E-01
    0.61450E-01
   -0.12760E-01
   -0.65350E-01
    0.34060E-01
    0.31790E-01
    0.47950E-01
    0.48490E-01
   -0.11420E+00
    0.90160E-01
   -0.15530E-01
    0.21430E-01
    0.17630E-01
    0.22210E-01
   -0.28040E-01
    0.14180E-01
   -0.11160E-01
    0.55000E-03
   -0.63230E-01
    0.13886E+00
    0.48900E-02
   -0.33000E-01
   -0.17780E-01
    0.25032E-01
   -0.92390E-01
