    0.15770E-02
   -0.10740E-01
    0.37879E-01
    0.83610E-01
    0.97340E-02
    0.25000E-01
   -0.38800E-01
   -0.10400E-02
    0.46410E-01
   -0.61000E-03
    0.45960E-01
   -0.66720E-01
    0.23110E-01
   -0.51080E-01
    0.52450E-01
   -0.16870E-01
    0.82220E-01
   -0.43810E-01
   -0.17100E-01
    0.29630E-01
   -0.16310E-01
   -0.95470E-01
   -0.46700E-02
   -0.13500E-02
    0.45600E-02
   -0.94000E-03
   -0.37950E-01
    0.62200E-02
   -0.70660E-01
   -0.55950E-01
   -0.31750E-01
   -0.44140E-01
    0.35500E-01
    0.18060E-01
    0.55800E-02
   -0.36150E-01
    0.77200E-02
    0.46120E-01
    0.71120E-01
   -0.50400E-02
    0.66850E-01
    0.14509E-01
   -0.66710E-01
