    0.12820E+00
    0.10293E+00
   -0.51860E-02
   -0.35524E-01
   -0.68150E-02
    0.49580E-01
   -0.24936E+00
    0.23163E+00
    0.11661E+00
    0.69280E-01
    0.11421E+00
   -0.15099E+00
   -0.59620E-01
   -0.17788E+00
   -0.18160E-01
   -0.15205E+00
    0.11323E+00
   -0.14967E+00
   -0.14450E-01
    0.24968E+00
   -0.84300E-02
   -0.56260E-01
    0.66920E-01
    0.36080E-01
    0.82140E-01
   -0.54058E-01
   -0.13837E+00
   -0.31751E-01
    0.16990E-01
    0.90100E-02
    0.56610E-01
    0.21190E-01
   -0.63530E-01
    0.21714E+00
   -0.11770E-01
   -0.64400E-02
   -0.11423E+00
    0.10394E+00
   -0.11516E+00
   -0.93540E-01
   -0.31290E-01
    0.95200E-01
   -0.13606E+00
