    0.96400E-01
    0.79770E-01
    0.31196E-01
    0.10535E+00
   -0.17726E-01
   -0.34910E-01
   -0.22781E+00
    0.22404E+00
    0.49470E-01
    0.13400E-01
    0.30490E-01
   -0.10415E+00
   -0.69960E-01
   -0.10331E+00
   -0.52090E-01
   -0.46740E-01
    0.13421E+00
   -0.47330E-01
   -0.17320E-01
    0.16030E-01
   -0.25730E-01
   -0.94280E-01
    0.45690E-01
    0.86630E-01
    0.49680E-01
   -0.61386E-01
   -0.55490E-01
   -0.68485E-01
   -0.20180E-01
    0.35090E-01
    0.82500E-02
   -0.16790E-01
    0.25600E-01
   -0.20260E-01
   -0.24630E-01
   -0.41940E-01
   -0.67630E-01
    0.52000E-01
    0.94250E-01
   -0.40170E-01
    0.10322E+00
    0.17901E-01
   -0.40330E-01
