    0.19628E+00
    0.14688E+00
    0.20088E+00
    0.20928E+00
    0.17378E+00
    0.21408E+00
    0.24794E+00
   -0.70594E+00
    0.96600E-02
    0.25656E+00
    0.17426E+00
    0.28616E+00
   -0.13110E-01
    0.13100E-01
   -0.16790E+00
    0.58200E-01
    0.12633E+00
   -0.86070E-01
   -0.16491E+00
   -0.88810E-01
   -0.31700E-01
    0.79710E-01
    0.61100E-02
    0.97210E-01
    0.11015E+00
    0.37500E-02
    0.13565E+00
    0.46020E-01
   -0.39380E-01
    0.10282E+00
    0.64200E-02
   -0.27000E-01
   -0.21981E+00
   -0.10931E+00
   -0.79590E-01
   -0.34695E+00
   -0.15808E+00
   -0.11918E+00
   -0.43847E+00
   -0.16907E+00
   -0.48630E-01
    0.22842E+00
   -0.11576E+00
