    0.18089E+00
    0.13149E+00
    0.18549E+00
    0.19389E+00
    0.15839E+00
    0.19869E+00
    0.26040E+00
   -0.71302E+00
    0.25800E-02
    0.24948E+00
    0.16718E+00
    0.27908E+00
    0.41420E-01
    0.18920E-01
   -0.16208E+00
    0.64020E-01
    0.60800E-02
   -0.10010E+00
   -0.17183E+00
   -0.95730E-01
   -0.22660E-01
    0.76510E-01
    0.29100E-02
    0.94010E-01
    0.10026E+00
   -0.61400E-02
    0.12576E+00
    0.63590E-01
   -0.21810E-01
    0.12039E+00
    0.23990E-01
    0.13040E-01
   -0.22673E+00
   -0.11623E+00
   -0.75960E-01
   -0.34670E+00
   -0.14051E+00
   -0.10161E+00
   -0.45250E+00
   -0.18310E+00
   -0.20300E-02
    0.24599E+00
   -0.65710E-01
