    0.35500E-01   -0.71030E-04   -0.18786E-04   -0.10938E-03   -0.18872E-03   -0.25532E-02   -0.87500E-03    0.58173E-03    0.20002E+01   -0.96537E-02    0.30581E+01
   -0.41200E-02   -0.12898E-03   -0.40032E-04   -0.12799E-03   -0.22154E-03   -0.69402E-02   -0.89592E-03    0.57984E-03    0.20001E+01   -0.22361E-01    0.30514E+01
    0.26735E-01   -0.16537E-04   -0.36900E-05   -0.41015E-04   -0.70874E-04   -0.93926E-03   -0.36914E-03    0.57767E-03    0.20001E+01   -0.42095E-02    0.30438E+01
    0.61050E-01   -0.53260E-03   -0.14086E-03   -0.82012E-03   -0.14150E-02   -0.28611E-02   -0.65609E-02    0.12408E-02    0.20187E+01   -0.10818E-01    0.48136E+01
    0.32140E-01   -0.15592E-02   -0.48394E-03   -0.15472E-02   -0.26782E-02   -0.77772E-02   -0.10831E-01    0.12907E-02    0.20311E+01   -0.25058E-01    0.49430E+01
    0.60920E-01   -0.19712E-03   -0.43983E-04   -0.48889E-03   -0.84480E-03   -0.10525E-02   -0.44000E-02    0.12139E-02    0.20132E+01   -0.47171E-02    0.47438E+01
    0.16326E-01    0.96347E-04    0.21498E-04    0.23896E-03    0.41292E-03   -0.10330E-02    0.21506E-02    0.40341E-03    0.20005E+01   -0.46297E-02    0.12487E+01
    0.94400E-01   -0.28569E-03   -0.10510E-03   -0.19630E-03   -0.33920E-03   -0.40748E-02   -0.11778E-02   -0.15743E+00   -0.67236E+01   -0.11077E-01    0.10865E+03
    0.81210E-01   -0.96271E-04   -0.25462E-04   -0.14824E-03   -0.25578E-03   -0.21084E-02   -0.11859E-02    0.69914E-03    0.20011E+01   -0.79720E-02    0.51133E+01
    0.13260E-01   -0.18774E-03   -0.58269E-04   -0.18630E-03   -0.32247E-03   -0.57313E-02   -0.13041E-02    0.69544E-03    0.20008E+01   -0.18466E-01    0.50952E+01
    0.96070E-01   -0.24391E-04   -0.54424E-05   -0.60494E-04   -0.10453E-03   -0.77564E-03   -0.54444E-03    0.68943E-03    0.20004E+01   -0.34762E-02    0.50658E+01
   -0.43600E-01   -0.27875E-04   -0.62199E-05   -0.69136E-04   -0.11947E-03   -0.98148E-04   -0.62222E-03    0.26478E-03    0.20005E+01   -0.43987E-03    0.45898E+01
   -0.61180E-01   -0.29008E-03   -0.76720E-04   -0.44668E-03   -0.77071E-03   -0.24855E-02   -0.35734E-02    0.21364E-03    0.20099E+01   -0.93979E-02    0.62400E+01
   -0.21113E+00   -0.97192E-03   -0.30165E-03   -0.96443E-03   -0.16694E-02   -0.67564E-02   -0.67510E-02    0.22411E-03    0.20217E+01   -0.21769E-01    0.64443E+01
   -0.18560E-01   -0.11288E-03   -0.25188E-04   -0.27997E-03   -0.48379E-03   -0.91438E-03   -0.25198E-02    0.21126E-03    0.20078E+01   -0.40980E-02    0.61935E+01
    0.25910E-01   -0.70795E-04   -0.15796E-04   -0.17558E-03   -0.30341E-03    0.17902E-03   -0.15802E-02    0.30096E-03    0.20016E+01    0.80230E-03    0.22048E+01
    0.25110E-01   -0.21714E-03   -0.48451E-04   -0.53855E-03   -0.93061E-03   -0.50156E-03   -0.48469E-02    0.21108E-03    0.34292E+01   -0.22478E-02    0.45908E+02
   -0.33391E+00   -0.30990E-02   -0.30990E-02   -0.26437E-02   -0.26437E-02   -0.35529E-01   -0.10575E-01    0.20130E+00    0.74271E+01   -0.35529E-01    0.27281E+03
   -0.24300E-02   -0.35981E-03   -0.13237E-03   -0.24722E-03   -0.42720E-03   -0.48083E-02   -0.14833E-02    0.37947E-01    0.21019E+01   -0.13070E-01    0.58642E+02
    0.76030E-01    0.25111E-02    0.25111E-02    0.21422E-02    0.21422E-02   -0.10046E-01    0.85687E-02    0.43202E-03    0.20114E+01   -0.10046E-01    0.70633E+01
    0.64010E-01    0.13813E-03    0.50814E-04    0.94907E-04    0.16400E-03   -0.13596E-02    0.56944E-03    0.39423E-03    0.20002E+01   -0.36958E-02    0.65683E+01
   -0.59870E-01   -0.77045E-04   -0.17191E-04   -0.19108E-03   -0.33019E-03   -0.79037E-03   -0.17198E-02    0.24658E-03    0.20069E+01   -0.35422E-02    0.80440E+01
    0.56980E-01   -0.17643E-03   -0.46663E-04   -0.27168E-03   -0.46876E-03   -0.15842E-02   -0.21734E-02    0.59456E-03    0.20097E+01   -0.59899E-02    0.83837E+01
    0.75700E-02   -0.72512E-03   -0.22505E-03   -0.71953E-03   -0.12455E-02   -0.43063E-02   -0.50367E-02    0.64631E-03    0.20332E+01   -0.13875E-01    0.89235E+01
    0.73690E-01   -0.77211E-04   -0.17228E-04   -0.19150E-03   -0.33090E-03   -0.58279E-03   -0.17235E-02    0.59478E-03    0.20098E+01   -0.26119E-02    0.83860E+01
    0.18440E-01   -0.35731E-03   -0.94500E-04   -0.55020E-03   -0.94931E-03   -0.24437E-02   -0.44016E-02    0.92916E-03    0.20164E+01   -0.92398E-02    0.64703E+01
   -0.73830E-01   -0.11638E-02   -0.36120E-03   -0.11548E-02   -0.19989E-02   -0.66427E-02   -0.80837E-02    0.98365E-03    0.20343E+01   -0.21403E-01    0.67264E+01
    0.41420E-01   -0.13772E-03   -0.30729E-04   -0.34156E-03   -0.59022E-03   -0.89899E-03   -0.30741E-02    0.91467E-03    0.20126E+01   -0.40290E-02    0.64023E+01
   -0.12630E-01   -0.13990E-03   -0.37002E-04   -0.21543E-03   -0.37170E-03   -0.16753E-02   -0.17234E-02    0.42898E-03    0.20042E+01   -0.63343E-02    0.63687E+01
    0.37210E-01   -0.61835E-04   -0.13797E-04   -0.15336E-03   -0.26501E-03   -0.61630E-03   -0.13802E-02    0.42937E-03    0.20043E+01   -0.27620E-02    0.63728E+01
   -0.95700E-02   -0.61724E-04   -0.13773E-04   -0.15309E-03   -0.26453E-03   -0.64378E-03   -0.13778E-02    0.47121E-03    0.20059E+01   -0.28852E-02    0.76940E+01
   -0.23290E-01    0.58074E-05    0.12958E-05    0.14403E-04    0.24889E-04   -0.11840E-03    0.12963E-03    0.26734E-03    0.20000E+01   -0.53063E-03    0.42761E+01
    0.43520E-01    0.26375E-02    0.26375E-02    0.22500E-02    0.22500E-02   -0.10656E-01    0.90000E-02    0.10116E-03    0.20073E+01   -0.10656E-01    0.62186E+01
    0.63340E-01    0.13139E-03    0.48336E-04    0.90278E-04    0.15600E-03   -0.14421E-02    0.54167E-03    0.93912E-04    0.20001E+01   -0.39201E-02    0.58685E+01
   -0.14010E-01   -0.28650E-04   -0.63926E-05   -0.71056E-04   -0.12279E-03   -0.43941E-03   -0.63951E-03    0.30706E-02    0.20127E+01   -0.19693E-02    0.23056E+02
   -0.93020E-01   -0.28594E-04   -0.63803E-05   -0.70919E-04   -0.12255E-03   -0.15667E-03   -0.63827E-03    0.10904E-03    0.20010E+01   -0.70214E-03    0.60138E+01
    0.18099E+00    0.16814E-02    0.16814E-02    0.14344E-02    0.14344E-02   -0.10310E-01    0.57375E-02    0.32690E-04    0.20067E+01   -0.10310E-01    0.77360E+01
    0.10687E+00    0.29243E-03    0.10758E-03    0.20093E-03    0.34720E-03   -0.13953E-02    0.12056E-02    0.31284E-04    0.20014E+01   -0.37928E-02    0.74671E+01
   -0.27139E+00   -0.46980E-02   -0.46980E-02   -0.40078E-02   -0.40078E-02   -0.48580E-01   -0.16031E-01    0.69375E-01    0.10883E+02   -0.48580E-01    0.13047E+03
   -0.67630E-01   -0.93523E-03   -0.34405E-03   -0.64259E-03   -0.11104E-02   -0.65746E-02   -0.38556E-02    0.11886E+00    0.64565E+01   -0.17872E-01    0.15060E+03
    0.60260E-01    0.20354E-04    0.45415E-05    0.50480E-04    0.87230E-04    0.16525E-04    0.45432E-03    0.48065E-03    0.20002E+01    0.74058E-04    0.34448E+01
   -0.23834E-01   -0.21570E-04   -0.48130E-05   -0.53498E-04   -0.92444E-04   -0.90299E-03   -0.48148E-03    0.32743E-03    0.20000E+01   -0.40469E-02    0.15141E+01
   -0.74990E-01   -0.50165E-04   -0.11193E-04   -0.12442E-03   -0.21499E-03   -0.12458E-03   -0.11198E-02    0.24229E-03    0.20026E+01   -0.55834E-03    0.53223E+01
