    0.50020E-02   -0.12944E+00   -0.13040E+00    0.61690E+00    0.13102E+01    0.56338E+00    0.50640E+02   -0.56338E+00    0.86918E+01    0.13546E+01   -0.41724E+01
    0.22720E-01   -0.12986E+00   -0.13061E+00    0.76212E+00    0.11564E+01   -0.96484E+00    0.43952E+02    0.96484E+00    0.76054E+01    0.11916E+01   -0.41724E+01
   -0.28094E-01   -0.13035E+00   -0.13086E+00    0.43919E+00    0.14881E+01    0.10569E+00    0.61267E+02   -0.10569E+00    0.97783E+01    0.15277E+01   -0.41724E+01
    0.34074E-01   -0.10227E+00   -0.10756E+00    0.10829E+01    0.11601E+01   -0.77976E+00    0.96292E+02    0.77976E+00   -0.16270E+01    0.21219E+01    0.10662E+01
    0.62740E-01   -0.98315E-01   -0.10484E+00    0.10863E+01    0.98105E+00   -0.89570E+00    0.87703E+02    0.89570E+00   -0.14236E+01    0.18666E+01    0.10662E+01
    0.10856E-01   -0.10453E+00   -0.10909E+00    0.10553E+01    0.13373E+01   -0.74142E+00    0.10428E+03    0.74142E+00   -0.18304E+01    0.23931E+01    0.10662E+01
    0.19201E-01   -0.12219E+00   -0.11970E+00    0.20980E+01    0.15342E+01   -0.64247E-01    0.32161E+02   -0.64247E-01   -0.66547E+00    0.14478E+00    0.54480E-01
    0.65530E-01    0.39975E+01    0.41033E+01    0.11277E+02   -0.65714E+01    0.11645E-01   -0.12898E+04   -0.11645E-01    0.15820E+03    0.29255E+03   -0.43197E+02
    0.56530E-01   -0.15393E+00   -0.15581E+00    0.32614E+00    0.12867E+01    0.17388E+00    0.77862E+02   -0.17388E+00    0.39010E+01    0.22521E+01   -0.19268E+01
    0.33080E-01   -0.15475E+00   -0.15634E+00    0.54058E+00    0.11380E+01    0.29339E+00    0.62899E+02   -0.29339E+00    0.34134E+01    0.19812E+01   -0.19268E+01
    0.52740E-01   -0.15610E+00   -0.15720E+00    0.12028E+00    0.14717E+01    0.67742E-01    0.97849E+02   -0.67742E-01    0.43886E+01    0.25400E+01   -0.19268E+01
   -0.46020E-01   -0.12870E+01   -0.13741E+01   -0.24872E-01    0.15353E+01    0.34318E-01    0.83662E+02   -0.34318E-01   -0.18187E+01   -0.20576E+01    0.59307E+00
    0.29010E-01   -0.12218E+00   -0.12608E+00   -0.58564E+00    0.12040E+01    0.34104E+00    0.26126E+03   -0.34104E+00    0.18724E+01    0.27507E+01   -0.11689E+01
   -0.57040E-01   -0.11648E+00   -0.12192E+00   -0.11599E+00    0.10097E+01    0.20923E+01    0.14918E+03   -0.20923E+01    0.16383E+01    0.24197E+01   -0.11689E+01
    0.45000E-01   -0.12356E+00   -0.12706E+00   -0.61942E+00    0.13732E+01    0.29145E+00    0.27216E+03   -0.29145E+00    0.21064E+01    0.31022E+01   -0.11689E+01
    0.26330E-01    0.71759E+00    0.65941E+00    0.26992E+00    0.15614E+01    0.58654E-01    0.49310E+02   -0.58654E-01   -0.17224E+01   -0.80400E+00    0.32069E+00
    0.14130E-01   -0.79183E-01   -0.87650E-01   -0.56884E+00    0.48273E+00    0.15179E+00    0.13949E+03   -0.15179E+00    0.24345E+01    0.90308E+01   -0.94276E+00
   -0.23790E-01   -0.70716E-01   -0.77474E-01    0.86996E-01    0.00000E+00    0.78337E-01    0.68012E+01   -0.78337E-01    0.88306E+01    0.00000E+00   -0.38495E+01
    0.69400E-02   -0.37514E+00   -0.38576E+00   -0.14452E+00    0.72769E+00    0.17843E-01    0.82973E+02   -0.17843E-01    0.13246E+02    0.88919E+01   -0.38495E+01
    0.12810E-01   -0.16385E+01   -0.13108E+01   -0.42598E-01    0.00000E+00   -0.76656E-01    0.36003E+02   -0.76656E-01   -0.81970E+00   -0.00000E+00    0.38975E+00
   -0.17200E-01   -0.17955E+01   -0.17308E+01   -0.10593E+01    0.98485E+00   -0.72780E-02    0.11031E+03   -0.72780E-02   -0.12296E+01   -0.14053E+01    0.38975E+00
   -0.93490E-01   -0.14374E+00   -0.14694E+00   -0.36022E+00    0.13809E+01    0.14585E+00    0.25037E+03   -0.14585E+00    0.25001E+01    0.39776E+01   -0.12919E+01
    0.24500E-01   -0.19191E+00   -0.19774E+00   -0.11096E+01    0.12054E+01    0.70861E-01    0.16447E+03   -0.70861E-01    0.19532E+01    0.29015E+01   -0.79059E+00
    0.17000E-02   -0.17655E+00   -0.18628E+00   -0.76361E+00    0.97546E+00    0.14916E+00    0.11115E+03   -0.14916E+00    0.17091E+01    0.25524E+01   -0.79059E+00
    0.34410E-01   -0.19184E+00   -0.19768E+00   -0.11226E+01    0.13589E+01    0.70583E-01    0.16686E+03   -0.70583E-01    0.21974E+01    0.32724E+01   -0.79059E+00
   -0.12440E-01   -0.12080E+00   -0.12566E+00    0.12680E+00    0.11704E+01    0.63161E+00    0.19170E+03   -0.63161E+00   -0.27293E+02    0.27984E+01    0.16846E+02
   -0.59730E-01   -0.11411E+00   -0.12067E+00    0.30281E+00    0.97252E+00    0.17542E+01    0.14529E+03   -0.17542E+01   -0.23881E+02    0.24617E+01    0.16846E+02
   -0.53100E-02   -0.12271E+00   -0.12705E+00    0.10280E+00    0.13408E+01    0.52410E+00    0.20048E+03   -0.52410E+00   -0.30705E+02    0.31561E+01    0.16846E+02
   -0.45690E-01   -0.18768E+00   -0.19192E+00   -0.10615E+01    0.12466E+01    0.58360E-01    0.15773E+03   -0.58360E-01    0.16870E+01    0.24477E+01   -0.68234E+00
   -0.54900E-02   -0.18751E+00   -0.19181E+00   -0.11799E+01    0.14046E+01    0.55415E-01    0.17902E+03   -0.55415E-01    0.18979E+01    0.27605E+01   -0.68234E+00
   -0.41540E-01   -0.17757E+00   -0.18146E+00   -0.32922E+00    0.13895E+01    0.87646E-01    0.13407E+03   -0.87646E-01    0.25982E+01    0.36650E+01   -0.10686E+01
   -0.46500E-02   -0.10376E+01   -0.10263E+01    0.17619E+00    0.14931E+01   -0.28173E-01    0.37552E+02   -0.28173E-01   -0.14189E+01   -0.21262E+01    0.51357E+00
   -0.10930E-01   -0.15780E+01   -0.12649E+01    0.42507E-01    0.00000E+00   -0.83430E-01    0.53518E+02   -0.83430E-01   -0.56267E+00   -0.00000E+00    0.32909E+00
   -0.16880E-01   -0.16997E+01   -0.16446E+01   -0.10764E+01    0.98891E+00   -0.68163E-02    0.17931E+03   -0.68163E-02   -0.84400E+00   -0.13310E+01    0.32909E+00
   -0.37230E-01   -0.25095E+00   -0.25465E+00   -0.15297E+00    0.13403E+01    0.26855E-01    0.13301E+03   -0.26855E-01    0.73771E+01    0.94782E+01   -0.25198E+01
    0.56900E-02   -0.81365E+00   -0.84819E+00   -0.16198E+01    0.15494E+01    0.32308E-01    0.87540E+02   -0.32308E-01   -0.10780E+01   -0.27129E+01    0.34011E+00
    0.14690E-01   -0.16370E+01   -0.14075E+01   -0.13949E+01    0.00000E+00   -0.34638E-01    0.73723E+02   -0.34638E-01   -0.47332E+00   -0.00000E+00    0.20492E+00
   -0.15200E-01   -0.17106E+01   -0.15881E+01   -0.27017E+01    0.96287E+00   -0.11009E-01    0.28044E+03   -0.11009E-01   -0.70998E+00   -0.14816E+01    0.20492E+00
    0.15620E-01   -0.40680E+01   -0.45036E+01   -0.43182E+01    0.00000E+00    0.14844E+00    0.88468E+03   -0.14844E+00   -0.42799E+02   -0.00000E+00    0.28660E+02
   -0.82920E-01   -0.23743E+01   -0.25055E+01   -0.75925E+01    0.62977E+01    0.54788E-01    0.11554E+04   -0.54788E-01   -0.64198E+02   -0.10224E+03    0.28660E+02
    0.74380E-01    0.73623E+01    0.10153E+02    0.25966E+00    0.14787E+01   -0.41899E-01    0.27780E+02   -0.41899E-01   -0.16165E+01   -0.14226E+01    0.44191E+00
   -0.36092E-01   -0.13587E+00   -0.13660E+00    0.20246E+01    0.14912E+01    0.12319E-01    0.45143E+02   -0.12319E-01   -0.83507E+00    0.14619E+00    0.60292E-01
   -0.27940E-01   -0.10423E+01   -0.11452E+01   -0.12733E+01    0.15783E+01    0.70076E-01    0.59876E+02   -0.70076E-01   -0.11939E+01   -0.23715E+01    0.36443E+00
