        Rank     LS_RMSE    LS_MaxAE  Feature_ID
           1    0.046875    0.107138  (       3       7      11      24      44)
           2    0.046875    0.107138  (       3       7      11      24      32)
           3    0.047040    0.106501  (       3       4      14      24      32)
           4    0.047040    0.106501  (       3       4      14      24      44)
           5    0.047179    0.098149  (       3      14      24      32      33)
           6    0.047179    0.098149  (       3      14      24      33      44)
           7    0.047212    0.105496  (       3       7      14      24      44)
           8    0.047212    0.105496  (       3       7      14      24      32)
           9    0.047336    0.108064  (       3       7      13      24      32)
          10    0.047336    0.108064  (       3       7      13      24      44)
          11    0.047354    0.107321  (       3       4      11      24      44)
          12    0.047354    0.107321  (       3       4      11      24      32)
          13    0.047397    0.120648  (       3      14      19      21      44)
          14    0.047397    0.120648  (       3      14      19      21      32)
          15    0.047430    0.108662  (       3       4      13      24      32)
          16    0.047430    0.108662  (       3       4      13      24      44)
          17    0.047525    0.101378  (       3      14      24      32      34)
          18    0.047525    0.101378  (       3      14      24      34      44)
          19    0.047788    0.095958  (       3      14      24      33      43)
          20    0.047789    0.096038  (       3      14      24      33      42)
          21    0.048068    0.107290  (       3      14      24      36      44)
          22    0.048068    0.107290  (       3      14      24      32      36)
          23    0.048078    0.098018  (       3      14      24      34      43)
          24    0.048079    0.098093  (       3      14      24      34      42)
          25    0.048186    0.101438  (       3      13      24      33      44)
          26    0.048186    0.101438  (       3      13      24      32      33)
          27    0.048246    0.095417  (       3      14      21      40      47)
          28    0.048387    0.123668  (       3      13      19      21      32)
          29    0.048387    0.123668  (       3      13      19      21      44)
          30    0.048408    0.103820  (       3      13      24      36      44)
          31    0.048408    0.103820  (       3      13      24      32      36)
          32    0.048424    0.111483  (       3      14      24      32      40)
          33    0.048424    0.111483  (       3      14      24      40      44)
          34    0.048500    0.106007  (       3      14      24      40      41)
          35    0.048517    0.103562  (       3      13      24      34      44)
          36    0.048517    0.103562  (       3      13      24      32      34)
          37    0.048521    0.137046  (       3      14      19      22      44)
          38    0.048521    0.137046  (       3      14      19      22      32)
          39    0.048532    0.111691  (       3      14      24      32      37)
          40    0.048532    0.111691  (       3      14      24      37      44)
          41    0.048588    0.127163  (       3       7      11      30      32)
          42    0.048588    0.127163  (       3       7      11      30      44)
          43    0.048600    0.096732  (       3      14      24      33      49)
          44    0.048634    0.097071  (       3      14      24      33      46)
          45    0.048639    0.097017  (       3      14      24      33      48)
          46    0.048718    0.127326  (       3      14      30      32      33)
          47    0.048718    0.127326  (       3      14      30      33      44)
          48    0.048721    0.101975  (       3      13      24      33      42)
          49    0.048736    0.101896  (       3      13      24      33      43)
          50    0.048758    0.106779  (       3      14      24      40      42)
          51    0.048766    0.106865  (       3      14      24      40      43)
          52    0.048769    0.103163  (       3       7      11      24      43)
          53    0.048783    0.103193  (       3       7      11      24      42)
          54    0.048798    0.115257  (       3      14      24      32      35)
          55    0.048798    0.115257  (       3      14      24      35      44)
          56    0.048807    0.096737  (       3      14      21      40      50)
          57    0.048825    0.115219  (       3      14      19      24      44)
          58    0.048825    0.115219  (       3      14      19      24      32)
          59    0.048865    0.098738  (       3      14      24      34      49)
          60    0.048878    0.095267  (       3      14      22      40      47)
          61    0.048895    0.099062  (       3      14      24      34      46)
          62    0.048901    0.099009  (       3      14      24      34      48)
          63    0.048908    0.127330  (       3       7      11      26      44)
          64    0.048908    0.127330  (       3       7      11      26      32)
          65    0.048923    0.107520  (       3      14      24      37      42)
          66    0.048931    0.107636  (       3      14      24      37      43)
          67    0.048933    0.109632  (       3      14      24      36      43)
          68    0.048936    0.109745  (       3      14      24      36      42)
          69    0.048943    0.108276  (       3       4      14      24      43)
          70    0.048959    0.101056  (       3      14      24      40      47)
          71    0.048965    0.143383  (       3      14      19      23      44)
          72    0.048965    0.143383  (       3      14      19      23      32)
          73    0.048977    0.108463  (       3       4      14      24      42)
          74    0.048998    0.097142  (       3      14      26      40      47)
          75    0.048998    0.104036  (       3      13      24      34      42)
          76    0.049014    0.103961  (       3      13      24      34      43)
          77    0.049024    0.137383  (       3       4      14      30      44)
          78    0.049024    0.137383  (       3       4      14      30      32)
          79    0.049025    0.115010  (       3      13      24      32      35)
          80    0.049025    0.115010  (       3      13      24      35      44)
          81    0.049034    0.127357  (       3      14      26      33      44)
          82    0.049034    0.127357  (       3      14      26      32      33)
          83    0.049049    0.127131  (       3       4      11      30      32)
          84    0.049049    0.127131  (       3       4      11      30      44)
          85    0.049065    0.104068  (       3      14      24      40      45)
          86    0.049088    0.102081  (       3      14      24      40      50)
          87    0.049138    0.109059  (       3       7      14      24      43)
          88    0.049153    0.112805  (       3       7      13      24      43)
          89    0.049159    0.103517  (       3      13      24      36      42)
          90    0.049167    0.130297  (       3      14      30      34      44)
          91    0.049167    0.130297  (       3      14      30      32      34)
          92    0.049171    0.103430  (       3      13      24      36      43)
          93    0.049176    0.113003  (       3       7      13      24      42)
          94    0.049176    0.109256  (       3       7      14      24      42)
          95    0.049186    0.104006  (       3      11      24      32      36)
          96    0.049186    0.104006  (       3      11      24      36      44)
          97    0.049220    0.103439  (       3       4      11      24      43)
          98    0.049224    0.112369  (       3       4      13      24      43)
          99    0.049226    0.103482  (       3       4      11      24      42)
         100    0.049226    0.138161  (       3       7      14      30      32)
