        Rank     LS_RMSE    LS_MaxAE  Feature_ID
           1    0.082442    0.238778  (       2      14)
           2    0.083464    0.263311  (       1      12)
           3    0.083733    0.242157  (       2      13)
           4    0.084043    0.239747  (       9      14)
           5    0.084092    0.264893  (       8      12)
           6    0.084536    0.263999  (       3      12)
           7    0.085193    0.219773  (       6      14)
           8    0.085282    0.243101  (       9      13)
           9    0.085694    0.324640  (       3      14)
          10    0.086283    0.223345  (       6      13)
          11    0.086456    0.247984  (       2      11)
          12    0.086493    0.321387  (       8      13)
          13    0.086540    0.324948  (       3      13)
          14    0.087175    0.323647  (       1      13)
          15    0.087287    0.319132  (       8      11)
          16    0.087302    0.319744  (       1      11)
          17    0.087736    0.258064  (       1      15)
          18    0.087985    0.249081  (       9      11)
          19    0.088119    0.327571  (       8      14)
          20    0.088496    0.259494  (       8      15)
          21    0.088712    0.229599  (       6      11)
          22    0.089132    0.330798  (       1      14)
          23    0.089385    0.257738  (       3      15)
          24    0.089593    0.328810  (       3      11)
          25    0.089712    0.326040  (       1      16)
          26    0.090377    0.320934  (       3      16)
          27    0.090951    0.330770  (       8      16)
          28    0.090998    0.343067  (       1      17)
          29    0.092160    0.358483  (       1      20)
          30    0.092175    0.302911  (       3      19)
          31    0.092372    0.348087  (       8      17)
          32    0.092883    0.346509  (       1      18)
          33    0.092921    0.303392  (       1      19)
          34    0.093190    0.353509  (       3      20)
          35    0.093220    0.269041  (       2      12)
          36    0.093365    0.363606  (       8      20)
          37    0.093428    0.337464  (       3      17)
          38    0.093842    0.304675  (       8      19)
          39    0.094208    0.351753  (       8      18)
          40    0.094823    0.270991  (       9      12)
          41    0.094851    0.340674  (       3      18)
          42    0.095505    0.256617  (       4      12)
          43    0.095665    0.266162  (       2      15)
          44    0.096107    0.258105  (       7      12)
          45    0.096620    0.267126  (       5      12)
          46    0.096901    0.275952  (       5      16)
          47    0.097103    0.278230  (       6      12)
          48    0.097269    0.240333  (       4      16)
          49    0.097389    0.267858  (       9      15)
          50    0.097712    0.241831  (       7      16)
          51    0.098345    0.302310  (       2      16)
          52    0.099081    0.276161  (       6      15)
          53    0.099652    0.301615  (       9      16)
          54    0.100011    0.331982  (       2      20)
          55    0.100649    0.251603  (      10      14)
          56    0.101086    0.259875  (       5      15)
          57    0.101147    0.316004  (       2      17)
          58    0.101298    0.289177  (       5      17)
          59    0.101373    0.331350  (       9      20)
          60    0.101423    0.305496  (       5      20)
          61    0.101438    0.298776  (       6      16)
          62    0.101461    0.289575  (       2      19)
          63    0.101529    0.222942  (       4      20)
          64    0.101707    0.255888  (      10      13)
          65    0.101798    0.224315  (       7      20)
          66    0.102292    0.317571  (       2      18)
          67    0.102314    0.315341  (       9      17)
          68    0.102496    0.289768  (       5      18)
          69    0.102768    0.327451  (       6      20)
          70    0.103042    0.288324  (       9      19)
          71    0.103181    0.239592  (       4      17)
          72    0.103203    0.252587  (       4      15)
          73    0.103396    0.241195  (       7      17)
          74    0.103446    0.316847  (       9      18)
          75    0.103491    0.355493  (       5      11)
          76    0.103643    0.262470  (      10      11)
          77    0.103663    0.254157  (       7      15)
          78    0.103707    0.311740  (       6      17)
          79    0.103964    0.300050  (       6      19)
          80    0.104161    0.362954  (       5      14)
          81    0.104263    0.241874  (       4      18)
          82    0.104296    0.361917  (       5      13)
          83    0.104643    0.243516  (       7      18)
          84    0.104991    0.312766  (       6      18)
          85    0.106040    0.228011  (      10      12)
          86    0.106116    0.212677  (      10      16)
          87    0.108855    0.227765  (      10      20)
          88    0.109456    0.370681  (       4      11)
          89    0.109542    0.352415  (       5      19)
          90    0.109593    0.214811  (      10      17)
          91    0.110077    0.218218  (      10      18)
          92    0.110194    0.224266  (      10      15)
          93    0.110330    0.373505  (       7      11)
          94    0.110808    0.393709  (       7      10)
          95    0.111084    0.453433  (       3       7)
          96    0.111361    0.395196  (       4      10)
          97    0.111498    0.453564  (       3       4)
          98    0.111817    0.383764  (       4      13)
          99    0.111887    0.404465  (       6       7)
         100    0.112277    0.405469  (       4       6)
