        Rank     LS_RMSE    LS_MaxAE  Feature_ID
           1    0.054958    0.113472  (       3      14      24      40)
           2    0.055313    0.121372  (       3      14      24      34)
           3    0.055314    0.123876  (       3      14      24      33)
           4    0.055642    0.117179  (       3      14      24      37)
           5    0.055693    0.112264  (       3      14      21      33)
           6    0.055804    0.115328  (       3      14      24      31)
           7    0.055812    0.111491  (       3      13      24      31)
           8    0.055975    0.116579  (       3      14      30      40)
           9    0.056061    0.115267  (       3      14      21      34)
          10    0.056099    0.119252  (       3      14      26      40)
          11    0.056137    0.141781  (       3      14      24      32)
          12    0.056218    0.126525  (       3      14      24      36)
          13    0.056316    0.132930  (       3      14      26      33)
          14    0.056411    0.132869  (       3      14      30      33)
          15    0.056468    0.125613  (       3      14      22      33)
          16    0.056479    0.135546  (       3      14      26      34)
          17    0.056509    0.135358  (       3      14      30      34)
          18    0.056599    0.126244  (       3      13      24      40)
          19    0.056626    0.128340  (       3      14      21      40)
          20    0.056656    0.116066  (       3      14      30      37)
          21    0.056664    0.144014  (       3      13      24      32)
          22    0.056711    0.114392  (       3      14      26      37)
          23    0.056715    0.124556  (       3      14      24      35)
          24    0.056754    0.123575  (       3      13      24      34)
          25    0.056767    0.126049  (       3      13      24      33)
          26    0.056846    0.128495  (       3      14      22      34)
          27    0.056862    0.131827  (       3      14      23      33)
          28    0.056885    0.110109  (       3      14      24      38)
          29    0.056965    0.128655  (       3      13      24      36)
          30    0.056975    0.127191  (       3      14      30      31)
          31    0.056977    0.122166  (       3      14      21      37)
          32    0.056984    0.130189  (       3      13      30      31)
          33    0.057053    0.122398  (       3      14      24      39)
          34    0.057079    0.117112  (       3      13      21      33)
          35    0.057113    0.130991  (       3      13      26      31)
          36    0.057154    0.110532  (       3      11      24      31)
          37    0.057187    0.127823  (       3      14      26      31)
          38    0.057191    0.131075  (       3      14      21      36)
          39    0.057257    0.134865  (       3      14      23      34)
          40    0.057264    0.139593  (       3      14      25      33)
          41    0.057282    0.128239  (       3      14      22      40)
          42    0.057332    0.126655  (       3      13      24      35)
          43    0.057417    0.119676  (       3      13      21      34)
          44    0.057418    0.167978  (       3      19      21      32)
          45    0.057425    0.136267  (       3      14      30      36)
          46    0.057453    0.136527  (       3      14      26      36)
          47    0.057574    0.128850  (       3      14      21      35)
          48    0.057604    0.114689  (       3      13      21      31)
          49    0.057630    0.198444  (       3       7      12      32)
          50    0.057641    0.127240  (       3      13      24      39)
          51    0.057644    0.121959  (       3      14      22      37)
          52    0.057649    0.145171  (       3      14      28      33)
          53    0.057650    0.142784  (       3      14      25      34)
          54    0.057668    0.139073  (       3      13      24      37)
          55    0.057706    0.125120  (       3      13      30      40)
          56    0.057723    0.115443  (       3      14      30      38)
          57    0.057725    0.122558  (       3      13      21      36)
          58    0.057751    0.128714  (       3      14      23      40)
          59    0.057772    0.147462  (       3      14      29      33)
          60    0.057793    0.153524  (       3      19      27      32)
          61    0.057822    0.124289  (       3      13      26      40)
          62    0.057833    0.139595  (       3      13      26      33)
          63    0.057850    0.198268  (       3       4      12      32)
          64    0.057853    0.121126  (       3      14      26      38)
          65    0.057875    0.132778  (       3      13      22      33)
          66    0.057915    0.123371  (       3      14      21      31)
          67    0.057932    0.139247  (       3      13      30      33)
          68    0.057936    0.127920  (       3      14      25      40)
          69    0.057949    0.132003  (       3      14      22      36)
          70    0.057951    0.134395  (       3      13      21      35)
          71    0.057960    0.112479  (       3      11      26      31)
          72    0.057964    0.112465  (       3      11      30      31)
          73    0.057978    0.142218  (       3      13      26      34)
          74    0.057987    0.151237  (       3      14      26      35)
          75    0.058006    0.150945  (       3      14      30      35)
          76    0.058016    0.141737  (       3      13      30      34)
          77    0.058038    0.117763  (       3      13      24      38)
          78    0.058051    0.148506  (       3      14      28      34)
          79    0.058099    0.122448  (       3      14      23      37)
          80    0.058163    0.131115  (       3      13      21      40)
          81    0.058167    0.150841  (       3      14      29      34)
          82    0.058192    0.141614  (       3      13      26      36)
          83    0.058207    0.141108  (       3      13      30      36)
          84    0.058223    0.135671  (       3      13      22      34)
          85    0.058242    0.132444  (       3      14      21      39)
          86    0.058273    0.139002  (       3      13      23      33)
          87    0.058306    0.121544  (       3      14      25      37)
          88    0.058308    0.168048  (       3      19      22      32)
          89    0.058328    0.135936  (       3      14      23      36)
          90    0.058355    0.173091  (       3      14      30      32)
          91    0.058366    0.167053  (       3      19      24      32)
          92    0.058391    0.126090  (       3      13      22      31)
          93    0.058392    0.128337  (       3      14      28      40)
          94    0.058404    0.127886  (       3      14      29      40)
          95    0.058415    0.144706  (       3      14      22      35)
          96    0.058428    0.154510  (       3      14      30      39)
          97    0.058456    0.132909  (       3      11      24      36)
          98    0.058463    0.154890  (       3      14      26      39)
          99    0.058475    0.127261  (       3      11      21      33)
         100    0.058504    0.116812  (       3      11      21      31)
