        Rank     LS_RMSE    LS_MaxAE  Feature_ID
           1    0.067057    0.160079  (       3      14      24)
           2    0.068072    0.165962  (       3      13      24)
           3    0.068603    0.164930  (       8      13      24)
           4    0.068839    0.192287  (       3      14      30)
           5    0.069014    0.192833  (       3      14      26)
           6    0.069029    0.171725  (       3      14      21)
           7    0.069315    0.163818  (       1      13      24)
           8    0.069569    0.185974  (       8      11      24)
           9    0.069582    0.180695  (       1      11      24)
          10    0.069895    0.198355  (       3      13      30)
          11    0.069908    0.187248  (       3      14      22)
          12    0.069923    0.178498  (       3      13      21)
          13    0.070048    0.199168  (       3      13      26)
          14    0.070189    0.157544  (       8      14      24)
          15    0.070287    0.220886  (       3      14      27)
          16    0.070292    0.193266  (       3      14      23)
          17    0.070387    0.196883  (       8      13      30)
          18    0.070433    0.228968  (       3      13      27)
          19    0.070446    0.177259  (       8      13      21)
          20    0.070611    0.197595  (       8      13      26)
          21    0.070763    0.200834  (       3      14      25)
          22    0.070822    0.194054  (       3      13      22)
          23    0.071034    0.182733  (       8      11      21)
          24    0.071117    0.195850  (       1      13      30)
          25    0.071144    0.206155  (       3      14      28)
          26    0.071163    0.186602  (       8      11      30)
          27    0.071188    0.177241  (       1      11      21)
          28    0.071193    0.186219  (       1      11      30)
          29    0.071195    0.195841  (       2      14      21)
          30    0.071211    0.200087  (       3      13      23)
          31    0.071239    0.164555  (       1      14      24)
          32    0.071279    0.186990  (       8      11      26)
          33    0.071285    0.208349  (       3      14      29)
          34    0.071292    0.192610  (       8      13      22)
          35    0.071341    0.186568  (       1      11      26)
          36    0.071391    0.176034  (       1      13      21)
          37    0.071401    0.196492  (       1      13      26)
          38    0.071411    0.183244  (       3      11      24)
          39    0.071614    0.184873  (       2      14      24)
          40    0.071636    0.198594  (       8      13      23)
          41    0.071694    0.207647  (       3      13      25)
          42    0.071756    0.176139  (       3      14      16)
          43    0.071841    0.183363  (       8      11      22)
          44    0.071955    0.189650  (       8      14      30)
          45    0.071988    0.180903  (       1      11      22)
          46    0.072079    0.212973  (       3      13      28)
          47    0.072101    0.208342  (       2      14      22)
          48    0.072126    0.219831  (       3      11      27)
          49    0.072138    0.206008  (       8      13      25)
          50    0.072173    0.187484  (       8      11      23)
          51    0.072217    0.191346  (       1      13      22)
          52    0.072225    0.215158  (       3      13      29)
          53    0.072320    0.189970  (       8      14      26)
          54    0.072320    0.186949  (       1      11      23)
          55    0.072411    0.201901  (       2      13      21)
          56    0.072449    0.213157  (       2      14      23)
          57    0.072474    0.211316  (       8      13      28)
          58    0.072529    0.168941  (       8      14      21)
          59    0.072558    0.197309  (       1      13      23)
          60    0.072641    0.195067  (       8      11      25)
          61    0.072642    0.213428  (       8      13      29)
          62    0.072645    0.211019  (       2      14      26)
          63    0.072769    0.179901  (       8      13      16)
          64    0.072778    0.180793  (       3      13      16)
          65    0.072781    0.194510  (       1      11      25)
          66    0.072818    0.190193  (       2      13      24)
          67    0.072848    0.210063  (       2      14      30)
          68    0.072897    0.199325  (       9      14      21)
          69    0.072962    0.218938  (       2      14      25)
          70    0.072975    0.200461  (       8      11      28)
          71    0.073029    0.188748  (       1      14      30)
          72    0.073042    0.204716  (       1      13      25)
          73    0.073071    0.187311  (       3      11      30)
          74    0.073115    0.199882  (       1      11      28)
          75    0.073125    0.202646  (       8      11      29)
          76    0.073133    0.179073  (       1      13      16)
          77    0.073238    0.187666  (       3      11      26)
          78    0.073262    0.202061  (       1      11      29)
          79    0.073269    0.179767  (       3      11      21)
          80    0.073291    0.223080  (       2      14      28)
          81    0.073309    0.184276  (       8      14      22)
          82    0.073326    0.214529  (       2      13      22)
          83    0.073350    0.188113  (       9      14      24)
          84    0.073374    0.210008  (       1      13      28)
          85    0.073458    0.224668  (       2      14      29)
          86    0.073469    0.188981  (       1      14      26)
          87    0.073503    0.233539  (       2      14      27)
          88    0.073536    0.212121  (       1      13      29)
          89    0.073616    0.174382  (       8      14      16)
          90    0.073636    0.190256  (       8      14      23)
          91    0.073679    0.219395  (       2      13      23)
          92    0.073805    0.211873  (       9      14      22)
          93    0.073830    0.185868  (       1      11      16)
          94    0.073855    0.180278  (       1      14      21)
          95    0.073902    0.216912  (       2      13      26)
          96    0.073988    0.190937  (       8      11      16)
          97    0.074053    0.205274  (       9      13      21)
          98    0.074082    0.181718  (       3      11      22)
          99    0.074092    0.197714  (       8      14      25)
         100    0.074100    0.215770  (       2      13      30)
