        Rank     LS_RMSE    LS_MaxAE  Feature_ID
           1    0.121850    0.481718  (       1)
           2    0.122577    0.417759  (       2)
           3    0.122676    0.487490  (       3)
           4    0.122863    0.463398  (       4)
           5    0.123050    0.472110  (       5)
           6    0.123147    0.396041  (       6)
           7    0.123501    0.465579  (       7)
           8    0.123524    0.487383  (       8)
           9    0.123710    0.419128  (       9)
          10    0.123782    0.381159  (      10)
