        Rank     LS_RMSE    LS_MaxAE  Feature_ID
           1    0.035091    0.086892  (       2       7      11      24      32      57)
           2    0.035091    0.086892  (       2       7      11      24      44      57)
           3    0.035281    0.088897  (       2       4      11      24      32      56)
           4    0.035281    0.088897  (       2       4      11      24      44      56)
           5    0.035305    0.090863  (       2       7      11      24      32      56)
           6    0.035305    0.090863  (       2       7      11      24      44      56)
           7    0.035341    0.085249  (       2       4      11      24      32      57)
           8    0.035341    0.085249  (       2       4      11      24      44      57)
           9    0.035828    0.085945  (       7       9      11      24      32      57)
          10    0.035828    0.085945  (       7       9      11      24      44      57)
          11    0.035880    0.088114  (       4       9      11      24      44      56)
          12    0.035880    0.088114  (       4       9      11      24      32      56)
          13    0.035949    0.090199  (       7       9      11      24      44      56)
          14    0.035949    0.090199  (       7       9      11      24      32      56)
          15    0.036033    0.084162  (       4       9      11      24      32      57)
          16    0.036033    0.084162  (       4       9      11      24      44      57)
          17    0.036130    0.089953  (       2       7      11      24      44      51)
          18    0.036130    0.089953  (       2       7      11      24      32      51)
          19    0.036387    0.087419  (       2       4      11      24      44      51)
          20    0.036387    0.087419  (       2       4      11      24      32      51)
          21    0.036503    0.090027  (       6       7      11      24      32      57)
          22    0.036503    0.090027  (       6       7      11      24      44      57)
          23    0.036598    0.089279  (       7       9      11      24      32      51)
          24    0.036598    0.089279  (       7       9      11      24      44      51)
          25    0.036609    0.087946  (       4       6      11      24      32      57)
          26    0.036609    0.087946  (       4       6      11      24      44      57)
          27    0.036679    0.092103  (       4       6      11      24      44      56)
          28    0.036679    0.092103  (       4       6      11      24      32      56)
          29    0.036726    0.098713  (       2       4      14      24      32      57)
          30    0.036726    0.098713  (       2       4      14      24      44      57)
          31    0.036743    0.101078  (       2       4      13      24      32      57)
          32    0.036743    0.101078  (       2       4      13      24      44      57)
          33    0.036785    0.095991  (       2       7      11      21      44      51)
          34    0.036785    0.095991  (       2       7      11      21      32      51)
          35    0.036793    0.101108  (       2       7      11      21      32      57)
          36    0.036793    0.101108  (       2       7      11      21      44      57)
          37    0.036821    0.086650  (       4       9      11      24      44      51)
          38    0.036821    0.086650  (       4       9      11      24      32      51)
          39    0.036840    0.102855  (       2       4      11      21      44      56)
          40    0.036840    0.102855  (       2       4      11      21      32      56)
          41    0.036850    0.104739  (       2       7      11      21      44      56)
          42    0.036850    0.104739  (       2       7      11      21      32      56)
          43    0.036858    0.094533  (       6       7      11      24      44      56)
          44    0.036858    0.094533  (       6       7      11      24      32      56)
          45    0.037003    0.068752  (       3       7      11      24      44      51)
          46    0.037003    0.068752  (       3       7      11      24      32      51)
          47    0.037017    0.103172  (       2       7      13      24      32      57)
          48    0.037017    0.103172  (       2       7      13      24      44      57)
          49    0.037039    0.094257  (       2       4      11      21      44      51)
          50    0.037039    0.094257  (       2       4      11      21      32      51)
          51    0.037045    0.099539  (       2       4      11      21      44      57)
          52    0.037045    0.099539  (       2       4      11      21      32      57)
          53    0.037101    0.095883  (       7       9      11      21      32      51)
          54    0.037101    0.095883  (       7       9      11      21      44      51)
          55    0.037210    0.067336  (       3       4      11      24      44      51)
          56    0.037210    0.067336  (       3       4      11      24      32      51)
          57    0.037257    0.089738  (       3       7      11      24      32      53)
          58    0.037257    0.089738  (       3       7      11      24      44      53)
          59    0.037265    0.119401  (       2       7      11      30      32      57)
          60    0.037265    0.119401  (       2       7      11      30      44      57)
          61    0.037309    0.102398  (       4       9      11      21      44      56)
          62    0.037309    0.102398  (       4       9      11      21      32      56)
          63    0.037326    0.094044  (       4       9      11      21      32      51)
          64    0.037326    0.094044  (       4       9      11      21      44      51)
          65    0.037358    0.104390  (       7       9      11      21      44      56)
          66    0.037358    0.104390  (       7       9      11      21      32      56)
          67    0.037372    0.101203  (       2       7      14      24      44      57)
          68    0.037372    0.101203  (       2       7      14      24      32      57)
          69    0.037407    0.100500  (       7       9      11      21      32      57)
          70    0.037407    0.100500  (       7       9      11      21      44      57)
          71    0.037452    0.121091  (       2       4      11      30      32      56)
          72    0.037452    0.121091  (       2       4      11      30      44      56)
          73    0.037487    0.122876  (       2       7      11      30      44      56)
          74    0.037487    0.122876  (       2       7      11      30      32      56)
          75    0.037490    0.120538  (       2       7      11      26      32      57)
          76    0.037490    0.120538  (       2       7      11      26      44      57)
          77    0.037491    0.117918  (       2       4      11      30      44      57)
          78    0.037491    0.117918  (       2       4      11      30      32      57)
          79    0.037511    0.096978  (       6       7      11      24      32      51)
          80    0.037511    0.096978  (       6       7      11      24      44      51)
          81    0.037522    0.104363  (       2       4      13      24      44      56)
          82    0.037522    0.104363  (       2       4      13      24      32      56)
          83    0.037539    0.099702  (       4       9      13      24      32      57)
          84    0.037539    0.099702  (       4       9      13      24      44      57)
          85    0.037543    0.089270  (       3       4      11      24      32      53)
          86    0.037543    0.089270  (       3       4      11      24      44      53)
          87    0.037573    0.097332  (       4       9      14      24      32      57)
          88    0.037573    0.097332  (       4       9      14      24      44      57)
          89    0.037614    0.093962  (       4       6      11      24      32      51)
          90    0.037614    0.093962  (       4       6      11      24      44      51)
          91    0.037622    0.098804  (       4       9      11      21      32      57)
          92    0.037622    0.098804  (       4       9      11      21      44      57)
          93    0.037653    0.122202  (       2       4      11      26      32      56)
          94    0.037653    0.122202  (       2       4      11      26      44      56)
          95    0.037685    0.123973  (       2       7      11      26      32      56)
          96    0.037685    0.123973  (       2       7      11      26      44      56)
          97    0.037715    0.119067  (       2       4      11      26      44      57)
          98    0.037715    0.119067  (       2       4      11      26      32      57)
          99    0.037775    0.101293  (       6       7      11      21      32      51)
         100    0.037775    0.101293  (       6       7      11      21      44      51)
