    0.18650E-02
   -0.31866E-01
   -0.10711E-01
    0.44860E-01
    0.80100E-01
    0.24363E-01
   -0.37895E-01
    0.10249E+00
    0.55120E-01
   -0.44900E-02
    0.65220E-01
   -0.51170E-01
    0.34260E-01
   -0.55970E-01
    0.52860E-01
    0.20870E-01
    0.57800E-02
   -0.15103E+00
   -0.50000E-03
   -0.79760E-01
    0.47700E-01
   -0.85230E-01
    0.35020E-01
    0.17750E-01
    0.44680E-01
   -0.71000E-03
   -0.43060E-01
    0.85000E-02
   -0.36630E-01
    0.69800E-02
   -0.35170E-01
   -0.18720E-01
   -0.11935E+00
    0.48920E-01
   -0.34260E-01
   -0.10950E-01
    0.87100E-01
    0.88850E-01
    0.13200E-01
   -0.30350E-01
    0.63520E-01
   -0.67189E-01
   -0.45000E-01
