   -0.11682E-01
   -0.15690E-01
   -0.32108E-01
    0.36118E-01
    0.57990E-01
    0.14598E-01
   -0.33729E-01
    0.31820E-01
    0.50590E-01
    0.98600E-02
    0.56860E-01
   -0.31090E-01
    0.47100E-01
   -0.65390E-01
    0.78990E-01
    0.36490E-01
    0.86900E-02
   -0.43910E-01
    0.78900E-02
    0.71820E-01
    0.22150E-01
   -0.89720E-01
    0.35650E-01
   -0.17400E-02
    0.50500E-01
    0.11700E-02
   -0.51940E-01
    0.10730E-01
   -0.37400E-01
    0.10980E-01
   -0.42180E-01
   -0.59070E-01
    0.78010E-01
    0.43750E-01
   -0.34120E-01
   -0.74800E-02
   -0.22080E-01
   -0.72700E-02
    0.12070E-01
   -0.67360E-01
    0.13010E-01
   -0.34393E-01
   -0.98470E-01
