    0.13263E-01
   -0.21070E-01
    0.11780E-02
    0.56700E-01
    0.92570E-01
    0.36283E-01
   -0.22965E-01
    0.11375E+00
    0.66570E-01
    0.64600E-02
    0.77070E-01
   -0.40510E-01
   -0.70570E-01
   -0.17733E+00
   -0.38830E-01
    0.31870E-01
    0.16490E-01
   -0.13610E+00
    0.12280E-01
   -0.74270E-01
    0.58040E-01
   -0.75110E-01
    0.45910E-01
    0.28620E-01
    0.55880E-01
    0.99600E-02
   -0.32170E-01
    0.19460E-01
   -0.25510E-01
    0.18470E-01
   -0.23500E-01
   -0.12250E-01
   -0.11412E+00
    0.59150E-01
   -0.21880E-01
   -0.84680E-01
    0.91540E-01
    0.97560E-01
    0.27770E-01
   -0.18490E-01
    0.72480E-01
   -0.51529E-01
   -0.68400E-01
