    0.50020E-02
    0.22720E-01
   -0.28094E-01
    0.34074E-01
    0.62740E-01
    0.10856E-01
    0.19201E-01
    0.65530E-01
    0.56530E-01
    0.33080E-01
    0.52740E-01
   -0.46020E-01
    0.29010E-01
   -0.57040E-01
    0.45000E-01
    0.26330E-01
    0.14130E-01
   -0.23790E-01
    0.69400E-02
    0.12810E-01
   -0.17200E-01
   -0.93490E-01
    0.24500E-01
    0.17000E-02
    0.34410E-01
   -0.12440E-01
   -0.59730E-01
   -0.53100E-02
   -0.45690E-01
   -0.54900E-02
   -0.41540E-01
   -0.46500E-02
   -0.10930E-01
   -0.16880E-01
   -0.37230E-01
    0.56900E-02
    0.14690E-01
   -0.15200E-01
    0.15620E-01
   -0.82920E-01
    0.74380E-01
   -0.36092E-01
   -0.27940E-01
