    0.35500E-01
   -0.41200E-02
    0.26735E-01
    0.61050E-01
    0.32140E-01
    0.60920E-01
    0.16326E-01
    0.94400E-01
    0.81210E-01
    0.13260E-01
    0.96070E-01
   -0.43600E-01
   -0.61180E-01
   -0.21113E+00
   -0.18560E-01
    0.25910E-01
    0.25110E-01
   -0.33391E+00
   -0.24300E-02
    0.76030E-01
    0.64010E-01
   -0.59870E-01
    0.56980E-01
    0.75700E-02
    0.73690E-01
    0.18440E-01
   -0.73830E-01
    0.41420E-01
   -0.12630E-01
    0.37210E-01
   -0.95700E-02
   -0.23290E-01
    0.43520E-01
    0.63340E-01
   -0.14010E-01
   -0.93020E-01
    0.18099E+00
    0.10687E+00
   -0.27139E+00
   -0.67630E-01
    0.60260E-01
   -0.23834E-01
   -0.74990E-01
