    0.16998E-01
   -0.22964E-01
    0.87160E-02
    0.50090E-01
    0.22270E-01
    0.49420E-01
   -0.17874E-01
   -0.39900E-01
   -0.11890E-01
    0.41400E-01
   -0.27220E-01
    0.56380E-01
   -0.24330E-01
   -0.18100E-02
   -0.15150E+00
    0.40600E-01
   -0.24510E-01
    0.94400E-01
   -0.12760E-01
   -0.44440E-01
   -0.26600E-01
   -0.30840E-01
    0.27700E-01
   -0.19790E-01
    0.44450E-01
    0.39980E-01
   -0.50530E-01
    0.62450E-01
   -0.10426E+00
   -0.62800E-02
   -0.41300E-01
    0.52350E-01
   -0.58500E-02
    0.89100E-02
   -0.87160E-01
   -0.65670E-01
    0.92810E-01
    0.17460E-01
    0.27600E-01
    0.73490E-01
    0.65070E-01
   -0.18809E-01
   -0.56220E-01
