    0.53270E-01
    0.18440E-01
    0.39170E-01
    0.35353E-01
    0.73000E-02
    0.34210E-01
   -0.11814E+00
   -0.47037E+00
    0.16386E+00
    0.94020E-01
    0.32890E-01
    0.10302E+00
   -0.28600E-01
   -0.48690E-01
   -0.18749E+00
   -0.64800E-02
    0.67740E-01
    0.76680E-01
   -0.28443E+00
    0.16270E-01
    0.72640E-01
   -0.47930E-01
    0.83010E-01
    0.40030E-01
    0.99350E-01
    0.89000E-03
   -0.87550E-01
    0.23470E-01
   -0.22570E-01
    0.58290E-01
    0.87700E-02
    0.11170E-01
    0.97300E-01
    0.71200E-01
    0.70100E-02
   -0.83190E-01
    0.25426E+00
    0.12561E+00
   -0.22983E+00
   -0.51160E-01
    0.78060E-01
   -0.26092E-01
   -0.80760E-01
