    0.51350E-01
    0.13940E-01
    0.39980E-01
    0.44870E-01
    0.17650E-01
    0.43575E-01
   -0.91893E-01
   -0.53700E-01
    0.26093E+00
    0.79400E-01
    0.14480E-01
    0.91090E-01
   -0.89120E-01
   -0.58460E-01
   -0.20176E+00
   -0.16350E-01
   -0.63600E-02
    0.92050E-01
   -0.15697E+00
   -0.70200E-02
    0.17100E-01
   -0.66750E-01
    0.63770E-01
    0.20070E-01
    0.80320E-01
    0.24700E-02
   -0.85970E-01
    0.24710E-01
   -0.46680E-01
    0.41700E-01
   -0.15040E-01
   -0.67930E-01
    0.19590E-01
    0.12290E-01
   -0.26170E-01
   -0.15675E+00
    0.16275E+00
    0.59610E-01
   -0.10970E-01
    0.64930E-01
    0.14100E-02
   -0.10964E-01
   -0.15117E+00
