    0.29490E-01
    0.99400E-02
    0.16570E-02
    0.68430E-01
    0.69000E-01
    0.36310E-01
   -0.58403E-01
   -0.83630E-01
    0.10503E+00
    0.41530E-01
   -0.15680E-01
    0.43110E-01
   -0.13090E-01
    0.27620E-01
   -0.12323E+00
    0.43470E-01
   -0.54640E-01
    0.14050E-01
   -0.97760E-01
   -0.24120E-01
   -0.12610E-01
   -0.51430E-01
    0.47330E-01
   -0.73000E-03
    0.43930E-01
    0.84320E-01
    0.10310E-01
    0.78540E-01
   -0.10193E+00
   -0.60700E-02
   -0.73990E-01
    0.45830E-01
   -0.27020E-01
    0.25260E-01
   -0.14601E+00
   -0.61430E-01
    0.60600E-02
    0.35900E-02
    0.88120E-01
    0.10986E+00
    0.61100E-01
   -0.10643E+00
   -0.35710E-01
