    0.13739E-01
   -0.23266E-01
   -0.33600E-03
    0.47880E-01
    0.17770E-01
    0.48370E-01
    0.24340E-02
   -0.41700E-01
   -0.15450E-01
    0.24040E-01
   -0.34550E-01
   -0.68940E-02
    0.17870E-01
    0.20420E-01
   -0.69610E-01
    0.62760E-01
   -0.28060E-01
    0.86890E-01
   -0.17970E-01
   -0.26900E-01
   -0.25690E-01
   -0.17500E-02
    0.39420E-01
   -0.10140E-01
    0.56160E-01
   -0.26230E-01
   -0.75400E-01
   -0.21617E-01
   -0.89490E-01
    0.75000E-02
   -0.14710E-01
    0.33930E-01
   -0.29270E-01
    0.79900E-02
   -0.52770E-01
   -0.74910E-01
    0.84050E-01
    0.15020E-01
    0.33730E-01
    0.78830E-01
    0.57910E-01
   -0.40260E-02
   -0.65950E-01
