    0.65380E-02
   -0.80800E-02
   -0.24026E-01
    0.45130E-01
    0.56140E-01
    0.11371E-01
    0.15000E-01
   -0.43620E-01
    0.32900E-01
   -0.21970E-01
    0.29740E-01
   -0.79500E-02
   -0.66800E-02
   -0.14979E+00
    0.38300E-02
    0.15160E-01
    0.16210E-01
   -0.41420E-01
    0.19000E-02
    0.16300E-02
    0.25690E-01
   -0.85450E-01
    0.58230E-01
    0.13900E-01
    0.54400E-01
    0.55910E-01
   -0.97000E-02
    0.44140E-01
   -0.29180E-01
   -0.86510E-01
    0.47900E-02
   -0.79840E-01
    0.33880E-01
   -0.12810E-01
    0.43680E-01
   -0.56810E-01
    0.42840E-01
    0.45250E-01
   -0.23620E-01
   -0.27670E-01
    0.79910E-01
    0.45320E-02
   -0.27620E-01
