    0.54040E-01
    0.16340E-01
    0.43040E-01
    0.48270E-01
    0.20930E-01
   -0.85933E-01
   -0.52800E-01
    0.25836E+00
    0.80500E-01
    0.15170E-01
    0.92590E-01
   -0.93350E-01
   -0.57130E-01
   -0.20122E+00
   -0.14980E-01
   -0.12270E-01
    0.89490E-01
   -0.15791E+00
   -0.84600E-02
    0.50610E-01
    0.13500E-01
   -0.66400E-01
    0.63990E-01
    0.19760E-01
    0.80560E-01
    0.49700E-02
   -0.83770E-01
    0.27260E-01
   -0.61400E-02
   -0.47130E-01
    0.42400E-01
   -0.15240E-01
   -0.74250E-01
    0.13020E-01
    0.83200E-02
   -0.16256E+00
    0.15458E+00
    0.54660E-01
   -0.10540E-01
    0.65340E-01
   -0.46700E-02
   -0.62210E-02
   -0.15671E+00
