    0.54300E-02
   -0.16700E-02
   -0.33861E-01
   -0.15450E-01
    0.13570E-02
    0.33580E-02
    0.11800E-01
   -0.31720E-01
    0.44480E-01
    0.80000E-03
    0.30830E-01
   -0.24630E-01
    0.38890E-01
   -0.62500E-01
    0.45560E-01
   -0.25830E-01
    0.57890E-01
   -0.24830E-01
   -0.81400E-02
    0.31000E-02
    0.15300E-01
   -0.23900E-01
    0.52650E-01
    0.17900E-01
    0.44510E-01
    0.16330E-01
   -0.31300E-01
    0.90000E-03
   -0.32240E-01
   -0.75310E-01
   -0.47800E-02
   -0.59760E-01
    0.38460E-01
   -0.42000E-02
    0.37700E-01
   -0.59370E-01
    0.50970E-01
    0.40060E-01
   -0.17980E-01
   -0.24740E-01
    0.46680E-01
    0.71600E-03
   -0.43450E-01
