    0.56320E-01
    0.21110E-01
    0.42710E-01
    0.39219E-01
    0.10970E-01
   -0.11067E+00
   -0.47997E+00
    0.15639E+00
    0.94900E-01
    0.33210E-01
    0.10444E+00
   -0.34930E-01
   -0.47580E-01
   -0.18749E+00
   -0.53000E-02
    0.59110E-01
    0.71160E-01
   -0.29007E+00
    0.13390E-01
    0.12060E+00
    0.67160E-01
   -0.48120E-01
    0.82620E-01
    0.38840E-01
    0.98990E-01
    0.35700E-02
   -0.85350E-01
    0.26220E-01
    0.11720E-01
   -0.23880E-01
    0.58600E-01
    0.78300E-02
    0.20400E-02
    0.87730E-01
    0.65230E-01
   -0.91670E-01
    0.24252E+00
    0.11829E+00
   -0.23551E+00
   -0.54450E-01
    0.69240E-01
   -0.20256E-01
   -0.88890E-01
