    0.26925E-01
    0.72800E-02
   -0.80400E-03
    0.66940E-01
    0.67410E-01
   -0.58060E-01
   -0.82940E-01
    0.10289E+00
    0.39140E-01
   -0.18150E-01
    0.40810E-01
   -0.11640E-01
    0.27930E-01
   -0.12298E+00
    0.43860E-01
   -0.55270E-01
    0.14070E-01
   -0.98520E-01
   -0.26090E-01
   -0.32740E-01
   -0.14500E-01
   -0.51430E-01
    0.45080E-01
   -0.30000E-02
    0.41750E-01
    0.83840E-01
    0.97700E-02
    0.78140E-01
   -0.43580E-01
   -0.10466E+00
   -0.86800E-02
   -0.75710E-01
    0.49300E-01
   -0.27790E-01
    0.24620E-01
   -0.58930E-01
    0.44200E-02
    0.20600E-02
    0.88410E-01
    0.10935E+00
    0.62840E-01
   -0.10819E+00
   -0.33190E-01
