    0.22179E+00
    0.17239E+00
    0.22639E+00
    0.23479E+00
    0.19929E+00
    0.23959E+00
    0.27112E+00
   -0.70451E+00
    0.11090E-01
    0.25799E+00
    0.17569E+00
    0.28759E+00
   -0.20540E-01
    0.21080E-01
   -0.15992E+00
    0.66180E-01
    0.90500E-01
    0.23960E-01
   -0.47424E+00
   -0.68440E-01
   -0.13901E+00
   -0.62910E-01
   -0.25130E-01
    0.91950E-01
    0.18350E-01
    0.10945E+00
    0.12630E+00
    0.15180E+00
    0.49530E-01
   -0.35870E-01
    0.99300E-02
   -0.46510E-01
   -0.19391E+00
   -0.83410E-01
   -0.70350E-01
   -0.32170E+00
   -0.15457E+00
   -0.42084E+00
   -0.15144E+00
   -0.28440E-01
    0.23193E+00
   -0.12697E+00
