    0.20070E+00
    0.15130E+00
    0.20530E+00
    0.21370E+00
    0.17820E+00
    0.21850E+00
    0.26726E+00
   -0.71134E+00
    0.42600E-02
    0.25116E+00
    0.16886E+00
    0.28076E+00
    0.24790E-01
    0.37380E-01
   -0.14362E+00
    0.82480E-01
    0.26550E-01
   -0.20240E-01
   -0.48241E+00
   -0.76610E-01
   -0.15649E+00
   -0.80390E-01
   -0.53300E-02
    0.97680E-01
    0.24080E-01
    0.11518E+00
    0.12294E+00
    0.14844E+00
    0.77910E-01
   -0.74900E-02
    0.38310E-01
   -0.32400E-02
   -0.21139E+00
   -0.10089E+00
   -0.56680E-01
   -0.33435E+00
   -0.12619E+00
   -0.42901E+00
   -0.15961E+00
   -0.83900E-02
    0.26031E+00
   -0.82430E-01
