    0.21212E+00
    0.16272E+00
    0.21672E+00
    0.22512E+00
    0.18962E+00
    0.22992E+00
    0.25749E+00
   -0.71238E+00
    0.32200E-02
    0.25012E+00
    0.16782E+00
    0.27972E+00
   -0.16650E-01
    0.31880E-01
   -0.14912E+00
    0.76980E-01
    0.11871E+00
    0.31500E-02
   -0.47221E+00
   -0.66410E-01
   -0.15151E+00
   -0.75410E-01
   -0.13440E-01
    0.99380E-01
    0.25780E-01
    0.11688E+00
    0.12996E+00
    0.15546E+00
    0.62980E-01
   -0.22420E-01
    0.23380E-01
   -0.33460E-01
   -0.20641E+00
   -0.95910E-01
   -0.60370E-01
   -0.33484E+00
   -0.14112E+00
   -0.41881E+00
   -0.14941E+00
   -0.44190E-01
    0.24538E+00
   -0.12043E+00
