    0.64740E-02
   -0.30117E-01
   -0.67960E-02
    0.10103E-01
   -0.12453E-01
    0.61180E-02
    0.70120E-01
   -0.43400E-01
    0.11710E-01
    0.66280E-01
    0.11600E-02
    0.77310E-01
   -0.63730E-01
    0.52100E-02
   -0.64380E-01
    0.43580E-01
    0.32500E-01
    0.17960E-01
    0.16520E-01
   -0.39700E-02
    0.29040E-01
    0.86000E-03
   -0.94320E-01
    0.15490E-01
   -0.26230E-01
    0.32120E-01
   -0.97700E-02
    0.11420E-01
   -0.36940E-01
   -0.77260E-01
   -0.25410E-01
   -0.31430E-01
   -0.25580E-01
   -0.18370E-01
   -0.30530E-01
    0.45760E-01
    0.14610E-01
    0.22570E-01
    0.65490E-01
    0.52770E-01
   -0.15221E-01
   -0.39250E-01
