    0.52030E-01
    0.17220E-01
    0.37920E-01
    0.34092E-01
    0.60400E-02
    0.32944E-01
   -0.11951E+00
   -0.47120E+00
    0.16295E+00
    0.92850E-01
    0.31740E-01
    0.10183E+00
   -0.29540E-01
   -0.49860E-01
   -0.18862E+00
   -0.76600E-02
    0.66870E-01
    0.75720E-01
   -0.28539E+00
    0.15220E-01
    0.12872E+00
    0.71670E-01
   -0.49070E-01
    0.81890E-01
    0.38930E-01
    0.98220E-01
   -0.33000E-03
    0.22240E-01
    0.10550E-01
   -0.23660E-01
    0.76500E-02
    0.10320E-01
    0.96460E-01
    0.70250E-01
    0.59600E-02
   -0.84070E-01
    0.25349E+00
   -0.23079E+00
   -0.52200E-01
    0.77190E-01
   -0.27415E-01
   -0.81650E-01
