    0.49600E-01
    0.12260E-01
    0.38150E-01
    0.42960E-01
    0.15760E-01
    0.41632E-01
   -0.94475E-01
   -0.54200E-01
    0.26080E+00
    0.78060E-01
    0.13250E-01
    0.89650E-01
   -0.89090E-01
   -0.59850E-01
   -0.20295E+00
   -0.17760E-01
   -0.59000E-02
    0.91760E-01
   -0.15749E+00
   -0.76800E-02
    0.57240E-01
    0.16960E-01
   -0.67890E-01
    0.62660E-01
    0.19110E-01
    0.79200E-01
    0.78000E-03
    0.23010E-01
   -0.78200E-02
   -0.47610E-01
   -0.16040E-01
   -0.67380E-01
    0.20220E-01
    0.12250E-01
   -0.26830E-01
   -0.15632E+00
    0.16379E+00
   -0.11690E-01
    0.64020E-01
    0.19100E-02
   -0.13236E-01
   -0.15081E+00
