    0.40020E-02
   -0.32095E-01
   -0.93000E-02
   -0.20739E-01
   -0.44731E-01
   -0.23953E-01
    0.12317E+00
   -0.40200E-01
    0.89500E-02
    0.58970E-01
   -0.53100E-02
    0.69890E-01
   -0.10840E+00
    0.17780E-01
   -0.61280E-01
    0.56920E-01
   -0.46040E-01
    0.69690E-01
    0.15720E-01
   -0.22190E-01
    0.27020E-01
   -0.81000E-02
   -0.79170E-01
    0.50940E-01
    0.77200E-02
    0.67510E-01
   -0.27200E-01
   -0.55500E-02
   -0.14870E-01
   -0.55090E-01
   -0.23540E-01
   -0.73990E-01
   -0.14910E-01
   -0.15340E-01
   -0.39870E-01
    0.48610E-01
    0.11038E+00
    0.68400E-02
    0.62910E-01
   -0.41700E-02
    0.15861E-01
   -0.46880E-01
