    0.66180E-02
   -0.29628E-01
   -0.64410E-02
   -0.17838E-01
   -0.42075E-01
   -0.20891E-01
    0.12243E+00
   -0.44600E-01
    0.24164E+00
    0.59120E-01
   -0.54200E-02
    0.70350E-01
   -0.11346E+00
    0.20300E-01
   -0.57720E-01
    0.59420E-01
   -0.52270E-01
    0.72590E-01
   -0.16336E+00
   -0.23770E-01
    0.20440E-01
   -0.12430E-01
   -0.80290E-01
    0.49800E-01
    0.59600E-02
    0.66390E-01
   -0.26030E-01
   -0.43000E-02
   -0.15810E-01
   -0.56870E-01
   -0.25200E-01
   -0.79910E-01
   -0.21930E-01
   -0.20080E-01
   -0.42690E-01
    0.49400E-01
    0.10256E+00
   -0.56300E-02
    0.63170E-01
   -0.10480E-01
    0.18035E-01
   -0.49100E-01
