        Rank     LS_RMSE    LS_MaxAE  Feature_ID
           1    0.067331    0.241637  (       2      13      22)
           2    0.068178    0.242432  (       4      13      22)
           3    0.068704    0.242411  (       1      13      22)
           4    0.068762    0.243883  (       3      13      22)
           5    0.068861    0.207467  (       1      18      24)
           6    0.068971    0.207298  (       1      18      23)
           7    0.068994    0.212355  (       1      18      26)
           8    0.069032    0.202578  (       1      13      21)
           9    0.069419    0.208037  (       3      13      21)
          10    0.069722    0.210625  (       1      18      29)
          11    0.069751    0.202713  (       1      15      26)
          12    0.069850    0.209865  (       1      18      27)
          13    0.069905    0.210393  (       1      18      28)
          14    0.069930    0.213279  (       3      18      24)
          15    0.069946    0.206501  (       1      13      25)
          16    0.070038    0.213111  (       3      18      23)
          17    0.070066    0.203568  (       2      13      21)
          18    0.070102    0.203445  (       1      13      23)
          19    0.070114    0.204700  (       1      17      24)
          20    0.070203    0.203523  (       1      13      24)
          21    0.070208    0.203389  (       1      13      30)
          22    0.070214    0.204556  (       1      17      23)
          23    0.070262    0.218332  (       3      18      26)
          24    0.070286    0.201085  (       1      15      29)
          25    0.070347    0.184696  (       4      15      20)
          26    0.070368    0.211570  (       1      18      25)
          27    0.070375    0.199110  (       1      15      24)
          28    0.070394    0.212045  (       3      13      25)
          29    0.070427    0.208922  (       3      13      30)
          30    0.070461    0.208887  (       3      13      23)
          31    0.070563    0.208963  (       3      13      24)
          32    0.070565    0.198992  (       1      15      23)
          33    0.070598    0.206586  (       1      13      26)
          34    0.070633    0.205442  (       1      13      29)
          35    0.070660    0.200341  (       2      15      24)
          36    0.070699    0.205366  (       1      13      28)
          37    0.070738    0.204986  (       1      13      27)
          38    0.070762    0.208832  (       1      17      26)
          39    0.070837    0.200227  (       2      15      23)
          40    0.070880    0.216585  (       3      18      29)
          41    0.070887    0.183942  (       2      15      20)
          42    0.070942    0.215810  (       3      18      27)
          43    0.070963    0.208190  (       3      15      26)
          44    0.070983    0.210949  (       3      13      29)
          45    0.071024    0.216367  (       3      18      28)
          46    0.071028    0.212114  (       3      13      26)
          47    0.071034    0.210887  (       3      13      28)
          48    0.071062    0.210487  (       3      13      27)
          49    0.071097    0.179085  (       2      14      15)
          50    0.071191    0.204407  (       2      13      23)
          51    0.071229    0.179221  (       4      14      15)
          52    0.071278    0.208503  (       4      13      21)
          53    0.071286    0.202090  (       1      15      25)
          54    0.071300    0.204482  (       2      13      24)
          55    0.071309    0.210234  (       3      17      24)
          56    0.071371    0.205626  (       1      18      21)
          57    0.071407    0.210092  (       3      17      23)
          58    0.071408    0.206537  (       3      15      29)
          59    0.071430    0.204483  (       3      15      24)
          60    0.071435    0.206598  (       1      17      27)
          61    0.071496    0.200429  (       1      15      27)
          62    0.071519    0.207068  (       1      17      28)
          63    0.071557    0.207173  (       1      17      29)
          64    0.071620    0.204367  (       3      15      23)
          65    0.071645    0.200846  (       1      15      28)
          66    0.071658    0.207990  (       2      18      24)
          67    0.071685    0.217553  (       3      18      25)
          68    0.071698    0.204289  (       2      13      30)
          69    0.071737    0.207830  (       2      18      23)
          70    0.071906    0.201968  (       2      15      29)
          71    0.072120    0.183183  (       2      12      15)
          72    0.072133    0.208121  (       1      17      25)
          73    0.072147    0.214487  (       3      17      26)
          74    0.072185    0.201751  (       1      19      24)
          75    0.072294    0.183684  (       3      12      15)
          76    0.072299    0.201815  (       1      19      23)
          77    0.072371    0.209321  (       4      13      23)
          78    0.072452    0.205208  (       4      15      24)
          79    0.072479    0.209394  (       4      13      24)
          80    0.072492    0.205766  (       2      13      27)
          81    0.072537    0.207578  (       3      15      25)
          82    0.072541    0.201469  (       2      15      27)
          83    0.072562    0.211470  (       3      18      21)
          84    0.072571    0.205874  (       3      15      27)
          85    0.072593    0.183371  (       4      12      15)
          86    0.072597    0.197458  (       1      15      21)
          87    0.072599    0.192678  (       3      11      15)
          88    0.072609    0.203176  (       2      15      26)
          89    0.072629    0.205096  (       4      15      23)
          90    0.072664    0.212225  (       3      17      27)
          91    0.072668    0.187155  (       1      11      15)
          92    0.072720    0.198747  (       2      15      21)
          93    0.072742    0.206313  (       3      15      28)
          94    0.072772    0.212720  (       3      17      28)
          95    0.072796    0.206098  (       2      13      29)
          96    0.072804    0.182635  (       1      12      15)
          97    0.072809    0.202921  (       1      17      21)
          98    0.072815    0.209266  (       4      13      30)
          99    0.072845    0.206032  (       2      13      28)
         100    0.072847    0.212808  (       3      17      29)
