        Rank     LS_RMSE    LS_MaxAE  Feature_ID
           1    0.083739    0.260796  (       1      13)
           2    0.084263    0.262513  (       3      13)
           3    0.084296    0.232430  (       6      14)
           4    0.084356    0.260416  (       2      13)
           5    0.085269    0.321861  (       4      14)
           6    0.085407    0.236385  (       6      12)
           7    0.085513    0.323892  (       2      14)
           8    0.085536    0.261417  (       4      13)
           9    0.085767    0.243674  (       6      20)
          10    0.085787    0.310471  (       3      11)
          11    0.086030    0.317163  (       3      12)
          12    0.086031    0.334758  (       4      20)
          13    0.086049    0.311645  (       1      11)
          14    0.086296    0.324909  (       2      12)
          15    0.086476    0.323901  (       4      12)
          16    0.086722    0.218875  (       8      14)
          17    0.086863    0.319651  (       1      12)
          18    0.087085    0.338442  (       2      20)
          19    0.087450    0.238029  (       6      11)
          20    0.087658    0.223685  (       8      12)
          21    0.087696    0.322253  (       3      14)
          22    0.088020    0.323283  (       2      11)
          23    0.088376    0.234870  (       8      20)
          24    0.088872    0.325751  (       1      14)
          25    0.088937    0.323996  (       4      11)
          26    0.089097    0.317342  (       2      15)
          27    0.089193    0.322296  (       1      15)
          28    0.089267    0.260563  (      10      12)
          29    0.089320    0.249472  (       1      16)
          30    0.089355    0.218110  (       8      11)
          31    0.089509    0.256929  (      10      11)
          32    0.089996    0.250964  (       3      16)
          33    0.090059    0.262287  (      10      14)
          34    0.090344    0.327010  (       3      15)
          35    0.090711    0.247830  (       2      16)
          36    0.090805    0.322332  (       4      15)
          37    0.091408    0.340359  (       1      17)
          38    0.092074    0.248477  (       4      16)
          39    0.092144    0.353679  (       1      19)
          40    0.092564    0.345311  (       3      20)
          41    0.092684    0.345384  (       3      17)
          42    0.092802    0.348640  (       2      19)
          43    0.093035    0.343366  (       1      18)
          44    0.093236    0.358813  (       3      19)
          45    0.093320    0.334747  (       2      17)
          46    0.093894    0.281025  (      10      20)
          47    0.094042    0.349623  (       1      20)
          48    0.094257    0.348603  (       3      18)
          49    0.094293    0.268746  (       6      13)
          50    0.094420    0.354111  (       4      19)
          51    0.094499    0.212607  (       7      15)
          52    0.094537    0.337573  (       2      18)
          53    0.094935    0.307327  (      10      13)
          54    0.095008    0.340120  (       4      17)
          55    0.095248    0.201429  (       7      13)
          56    0.096097    0.245411  (       9      14)
          57    0.096171    0.343164  (       4      18)
          58    0.096227    0.303802  (      10      16)
          59    0.096369    0.248595  (       9      12)
          60    0.096686    0.245140  (       9      11)
          61    0.097011    0.261694  (       6      16)
          62    0.098110    0.278983  (       8      13)
          63    0.098416    0.258787  (       9      20)
          64    0.099027    0.273764  (       5      15)
          65    0.099589    0.348426  (      10      15)
          66    0.099891    0.300137  (       6      15)
          67    0.100266    0.273160  (       8      16)
          68    0.100551    0.226346  (       7      17)
          69    0.100839    0.329488  (       6      19)
          70    0.101100    0.258225  (       5      13)
          71    0.101277    0.377496  (      10      19)
          72    0.101614    0.225020  (       7      18)
          73    0.101787    0.242416  (       7      19)
          74    0.101795    0.365099  (      10      17)
          75    0.101817    0.297307  (       9      13)
          76    0.102398    0.315081  (       6      17)
          77    0.102822    0.295693  (       8      15)
          78    0.103415    0.323954  (       8      19)
          79    0.103487    0.316486  (       6      18)
          80    0.103534    0.367850  (      10      18)
          81    0.103703    0.276684  (       9      15)
          82    0.104578    0.351939  (       5      11)
          83    0.104806    0.309762  (       8      17)
          84    0.104847    0.291277  (       7      16)
          85    0.104935    0.304136  (       9      19)
          86    0.105064    0.289804  (       9      16)
          87    0.105474    0.360630  (       5      14)
          88    0.105832    0.289838  (       9      17)
          89    0.105979    0.299411  (       5      19)
          90    0.106028    0.310607  (       8      18)
          91    0.106087    0.285846  (       5      17)
          92    0.106123    0.362152  (       5      12)
          93    0.106781    0.286104  (       5      18)
          94    0.107116    0.279712  (       5      16)
          95    0.107121    0.289854  (       9      18)
          96    0.108235    0.378134  (       5      20)
          97    0.109552    0.398017  (       7      11)
          98    0.112006    0.412530  (       7      12)
          99    0.112991    0.468856  (       2       7)
         100    0.113060    0.418061  (       7      14)
