        Rank     LS_RMSE    LS_MaxAE  Feature_ID
           1    0.035616    0.089449  (       2      13      22      34      46      51)
           2    0.035629    0.075257  (       2      13      22      31      46      52)
           3    0.035629    0.075257  (       2      13      21      22      46      52)
           4    0.035674    0.073964  (       4      13      22      31      46      52)
           5    0.035674    0.073964  (       4      13      21      22      46      52)
           6    0.035702    0.077564  (       2      13      22      31      43      52)
           7    0.035702    0.077564  (       2      13      21      22      43      52)
           8    0.035784    0.075537  (       2      13      22      31      46      53)
           9    0.035784    0.075537  (       2      13      21      22      46      53)
          10    0.035799    0.077970  (       2      13      22      31      49      52)
          11    0.035799    0.077970  (       2      13      21      22      49      52)
          12    0.035815    0.077510  (       2      13      22      31      43      53)
          13    0.035815    0.077510  (       2      13      21      22      43      53)
          14    0.035826    0.074219  (       4      13      21      22      46      53)
          15    0.035826    0.074219  (       4      13      22      31      46      53)
          16    0.035860    0.086290  (       2      13      22      34      46      56)
          17    0.035911    0.077919  (       2      13      22      31      49      53)
          18    0.035911    0.077919  (       2      13      21      22      49      53)
          19    0.035913    0.089541  (       2      13      22      34      46      54)
          20    0.035919    0.078977  (       4      13      21      22      43      52)
          21    0.035919    0.078977  (       4      13      22      31      43      52)
          22    0.035940    0.085146  (       2      13      21      22      46      56)
          23    0.035940    0.085146  (       2      13      22      31      46      56)
          24    0.035962    0.089597  (       2      13      22      34      46      60)
          25    0.036021    0.088747  (       4      13      22      34      46      51)
          26    0.036026    0.078929  (       4      13      22      31      43      53)
          27    0.036026    0.078929  (       4      13      21      22      43      53)
          28    0.036040    0.088553  (       2      13      22      31      46      51)
          29    0.036040    0.088553  (       2      13      21      22      46      51)
          30    0.036057    0.086278  (       2      13      22      34      46      55)
          31    0.036067    0.089680  (       2      13      22      34      46      58)
          32    0.036099    0.079332  (       2      13      22      34      43      51)
          33    0.036130    0.089791  (       2      13      22      34      46      57)
          34    0.036141    0.084358  (       4      13      22      31      46      56)
          35    0.036141    0.084358  (       4      13      21      22      46      56)
          36    0.036147    0.077844  (       2      13      22      34      46      52)
          37    0.036211    0.085516  (       4      13      22      34      46      56)
          38    0.036215    0.079307  (       4      13      21      22      49      52)
          39    0.036215    0.079307  (       4      13      22      31      49      52)
          40    0.036221    0.090559  (       2      13      22      35      46      51)
          41    0.036224    0.078966  (       2      13      22      34      43      55)
          42    0.036244    0.074022  (       2      13      22      34      45      51)
          43    0.036247    0.090311  (       2      13      22      36      46      51)
          44    0.036261    0.090571  (       2      13      22      32      46      51)
          45    0.036261    0.078043  (       2      13      22      31      43      56)
          46    0.036261    0.078043  (       2      13      21      22      43      56)
          47    0.036264    0.077101  (       2      13      22      23      43      52)
          48    0.036269    0.076219  (       2      13      22      34      43      56)
          49    0.036282    0.087822  (       4      13      22      31      46      51)
          50    0.036282    0.087822  (       4      13      21      22      46      51)
          51    0.036284    0.078112  (       2      13      22      34      46      53)
          52    0.036288    0.074954  (       2      13      22      34      43      52)
          53    0.036291    0.080439  (       2      13      22      34      43      54)
          54    0.036309    0.076069  (       2      13      22      23      46      52)
          55    0.036314    0.074782  (       4      13      22      23      46      52)
          56    0.036320    0.079262  (       4      13      22      31      49      53)
          57    0.036320    0.079262  (       4      13      21      22      49      53)
          58    0.036320    0.080968  (       2      13      22      34      49      51)
          59    0.036324    0.077528  (       2      13      22      23      49      52)
          60    0.036328    0.088844  (       4      13      22      34      46      54)
          61    0.036344    0.081456  (       2      13      22      34      43      60)
          62    0.036357    0.076278  (       2      13      22      34      45      60)
          63    0.036361    0.076553  (       4      13      22      34      46      52)
          64    0.036382    0.077045  (       2      13      22      23      43      53)
          65    0.036385    0.088906  (       4      13      22      34      46      60)
          66    0.036386    0.075164  (       2      13      22      34      45      54)
          67    0.036387    0.074934  (       2      13      22      34      43      53)
          68    0.036397    0.077377  (       2      13      22      24      43      52)
          69    0.036403    0.075325  (       2      13      22      34      49      52)
          70    0.036404    0.080486  (       2      13      22      34      43      58)
          71    0.036412    0.085561  (       2      13      21      22      46      55)
          72    0.036412    0.085561  (       2      13      22      31      46      55)
          73    0.036414    0.087187  (       2      13      22      36      46      56)
          74    0.036415    0.090428  (       2      13      22      37      46      51)
          75    0.036416    0.076299  (       2      13      22      31      43      51)
          76    0.036416    0.076299  (       2      13      21      22      43      51)
          77    0.036417    0.075587  (       2      13      22      34      50      51)
          78    0.036425    0.090723  (       2      13      22      33      46      51)
          79    0.036425    0.078394  (       2      13      21      22      49      56)
          80    0.036425    0.078394  (       2      13      22      31      49      56)
          81    0.036429    0.088777  (       2      13      21      22      46      54)
          82    0.036429    0.088777  (       2      13      22      31      46      54)
          83    0.036432    0.087439  (       2      13      22      35      46      56)
          84    0.036433    0.076676  (       4      13      22      34      45      51)
          85    0.036436    0.080660  (       2      13      22      34      49      55)
          86    0.036436    0.078496  (       4      13      22      23      43      52)
          87    0.036438    0.076514  (       2      13      22      34      49      56)
          88    0.036441    0.077475  (       2      13      22      23      49      53)
          89    0.036445    0.076170  (       2      13      22      24      46      52)
          90    0.036450    0.074884  (       4      13      22      24      46      52)
          91    0.036450    0.085526  (       4      13      22      34      46      55)
          92    0.036452    0.076083  (       4      13      22      30      46      52)
          93    0.036454    0.072390  (       4      12      15      22      24      48)
          94    0.036457    0.080074  (       2      13      22      34      43      57)
          95    0.036458    0.077804  (       2      13      22      24      49      52)
          96    0.036463    0.087481  (       2      13      22      32      46      56)
          97    0.036469    0.076364  (       2      13      22      23      46      53)
          98    0.036471    0.075053  (       4      13      22      23      46      53)
          99    0.036471    0.078451  (       2      13      22      36      46      52)
         100    0.036484    0.088985  (       4      13      22      34      46      58)
