        Rank     LS_RMSE    LS_MaxAE  Feature_ID
           1    0.049657    0.123166  (       2      13      21      22)
           2    0.049657    0.123166  (       2      13      22      31)
           3    0.049915    0.124543  (       2      13      22      34)
           4    0.050117    0.120427  (       2      13      22      32)
           5    0.050200    0.120132  (       2      13      22      35)
           6    0.050216    0.118223  (       2      13      22      33)
           7    0.050316    0.118782  (       2      13      22      36)
           8    0.050444    0.118572  (       2      13      22      37)
           9    0.050545    0.118428  (       4      13      21      22)
          10    0.050545    0.118428  (       4      13      22      31)
          11    0.050684    0.122380  (       2      13      22      23)
          12    0.050783    0.122269  (       2      13      22      24)
          13    0.050817    0.120800  (       2      13      22      39)
          14    0.050843    0.131526  (       3      13      22      25)
          15    0.050905    0.136058  (       3      13      22      31)
          16    0.050905    0.136058  (       3      13      21      22)
          17    0.050959    0.126404  (       4      13      22      34)
          18    0.051022    0.129100  (       1      13      22      25)
          19    0.051127    0.133585  (       1      13      22      31)
          20    0.051127    0.133585  (       1      13      21      22)
          21    0.051128    0.122272  (       4      13      22      32)
          22    0.051180    0.120563  (       2      13      22      40)
          23    0.051197    0.121973  (       4      13      22      35)
          24    0.051211    0.124784  (       2      13      22      30)
          25    0.051212    0.120059  (       4      13      22      33)
          26    0.051315    0.130675  (       3      13      22      32)
          27    0.051316    0.120622  (       4      13      22      36)
          28    0.051376    0.132172  (       3      13      22      33)
          29    0.051434    0.120064  (       4      13      22      37)
          30    0.051438    0.131510  (       3      13      22      34)
          31    0.051466    0.132185  (       3      13      22      35)
          32    0.051484    0.123667  (       2      13      22      27)
          33    0.051484    0.123667  (       2      13      22      38)
          34    0.051504    0.128293  (       1      13      22      32)
          35    0.051527    0.129470  (       3      13      22      26)
          36    0.051529    0.117663  (       4      13      22      23)
          37    0.051542    0.129118  (       3      13      22      28)
          38    0.051572    0.129770  (       1      13      22      33)
          39    0.051587    0.133015  (       3      13      22      36)
          40    0.051622    0.130665  (       1      13      22      34)
          41    0.051626    0.117554  (       4      13      22      24)
          42    0.051645    0.129803  (       1      13      22      35)
          43    0.051647    0.129499  (       3      13      22      30)
          44    0.051684    0.128537  (       3      13      22      27)
          45    0.051684    0.128537  (       3      13      22      38)
          46    0.051695    0.133513  (       3      13      22      37)
          47    0.051724    0.127048  (       1      13      22      26)
          48    0.051728    0.128039  (       3      13      22      29)
          49    0.051774    0.130613  (       1      13      22      36)
          50    0.051793    0.133292  (       3      13      22      23)
          51    0.051842    0.126730  (       2      13      22      28)
          52    0.051845    0.122657  (       4      13      22      39)
          53    0.051857    0.126604  (       1      13      22      28)
          54    0.051880    0.133030  (       3      13      22      24)
          55    0.051882    0.131108  (       1      13      22      37)
          56    0.051966    0.120033  (       4      13      22      30)
          57    0.052008    0.126027  (       1      13      22      27)
          58    0.052008    0.126027  (       1      13      22      38)
          59    0.052015    0.125563  (       1      13      22      29)
          60    0.052030    0.126661  (       2      13      22      29)
          61    0.052048    0.130813  (       1      13      22      23)
          62    0.052086    0.126865  (       1      13      22      30)
          63    0.052087    0.134439  (       3      13      22      40)
          64    0.052133    0.130556  (       1      13      22      24)
          65    0.052138    0.132040  (       3      13      22      39)
          66    0.052153    0.115765  (       4      13      22      40)
          67    0.052302    0.129664  (       1      13      22      39)
          68    0.052322    0.118946  (       4      13      22      38)
          69    0.052322    0.118946  (       4      13      22      27)
          70    0.052360    0.131889  (       1      13      22      40)
          71    0.052418    0.135531  (       2      13      22      25)
          72    0.052697    0.122022  (       4      13      22      28)
          73    0.052882    0.121963  (       4      13      22      29)
          74    0.052897    0.133915  (       2      13      22      26)
          75    0.053270    0.151849  (       1      18      22      26)
          76    0.053363    0.130843  (       4      13      22      25)
          77    0.053809    0.129243  (       4      13      22      26)
          78    0.054000    0.155017  (       1      18      22      24)
          79    0.054214    0.155487  (       1      18      22      23)
          80    0.054234    0.154722  (       3      18      22      26)
          81    0.054557    0.152008  (       1      18      22      28)
          82    0.054588    0.151026  (       1      18      22      27)
          83    0.054588    0.151026  (       1      18      22      38)
          84    0.054690    0.150855  (       1      18      22      29)
          85    0.054739    0.157931  (       3      18      22      24)
          86    0.054952    0.158406  (       3      18      22      23)
          87    0.054960    0.167258  (       2      18      22      24)
          88    0.055140    0.167248  (       2      18      22      23)
          89    0.055173    0.137311  (       2      15      22      24)
          90    0.055336    0.154958  (       3      18      22      28)
          91    0.055338    0.153963  (       3      18      22      27)
          92    0.055338    0.153963  (       3      18      22      38)
          93    0.055463    0.137488  (       2      15      22      23)
          94    0.055523    0.153758  (       3      18      22      29)
          95    0.055540    0.156604  (       1      18      22      25)
          96    0.055792    0.158490  (       1      15      22      26)
          97    0.056140    0.158259  (       1      17      22      24)
          98    0.056265    0.155902  (       1      17      22      26)
          99    0.056329    0.158681  (       1      17      22      23)
         100    0.056371    0.144357  (       2      15      22      29)
