        Rank     LS_RMSE    LS_MaxAE  Feature_ID
           1    0.039303    0.094321  (       2      13      22      31      46)
           2    0.039303    0.094321  (       2      13      21      22      46)
           3    0.039348    0.095672  (       2      13      22      34      46)
           4    0.039366    0.078853  (       2      13      21      22      43)
           5    0.039366    0.078853  (       2      13      22      31      43)
           6    0.039482    0.082129  (       2      13      22      34      43)
           7    0.039496    0.076869  (       2      13      22      31      45)
           8    0.039496    0.076869  (       2      13      21      22      45)
           9    0.039552    0.078689  (       4      13      21      22      45)
          10    0.039552    0.078689  (       4      13      22      31      45)
          11    0.039592    0.093636  (       4      13      22      31      46)
          12    0.039592    0.093636  (       4      13      21      22      46)
          13    0.039616    0.096200  (       2      13      22      36      46)
          14    0.039619    0.080694  (       2      13      22      31      49)
          15    0.039619    0.080694  (       2      13      21      22      49)
          16    0.039642    0.079736  (       2      13      22      34      45)
          17    0.039645    0.096474  (       2      13      22      32      46)
          18    0.039674    0.076895  (       2      13      22      31      50)
          19    0.039674    0.076895  (       2      13      21      22      50)
          20    0.039677    0.096500  (       2      13      22      33      46)
          21    0.039685    0.096542  (       2      13      22      35      46)
          22    0.039704    0.081934  (       2      13      22      32      43)
          23    0.039742    0.083846  (       2      13      22      34      49)
          24    0.039750    0.081432  (       2      13      22      36      43)
          25    0.039763    0.081531  (       2      13      22      35      43)
          26    0.039769    0.096316  (       2      13      22      37      46)
          27    0.039775    0.081478  (       2      13      22      33      43)
          28    0.039785    0.095015  (       4      13      22      34      46)
          29    0.039819    0.084574  (       4      13      22      31      43)
          30    0.039819    0.084574  (       4      13      21      22      43)
          31    0.039826    0.078860  (       2      13      22      32      45)
          32    0.039844    0.079917  (       2      13      22      34      50)
          33    0.039857    0.081631  (       4      13      22      34      45)
          34    0.039867    0.095662  (       2      13      22      30      46)
          35    0.039870    0.080184  (       4      13      21      22      50)
          36    0.039870    0.080184  (       4      13      22      31      50)
          37    0.039881    0.078831  (       2      13      22      33      45)
          38    0.039896    0.081263  (       2      13      22      37      43)
          39    0.039919    0.078435  (       2      13      22      36      45)
          40    0.039956    0.078893  (       2      13      22      35      45)
          41    0.039962    0.083654  (       2      13      22      32      49)
          42    0.039966    0.080329  (       2      13      22      23      43)
          43    0.039995    0.095503  (       2      13      22      31      41)
          44    0.039995    0.095503  (       2      13      21      22      41)
          45    0.040004    0.083170  (       2      13      22      36      49)
          46    0.040007    0.095394  (       2      13      22      23      46)
          47    0.040007    0.095533  (       4      13      22      36      46)
          48    0.040009    0.079237  (       4      13      22      32      45)
          49    0.040009    0.094951  (       4      13      22      30      46)
          50    0.040010    0.079762  (       2      13      22      30      43)
          51    0.040020    0.078888  (       2      13      22      32      50)
          52    0.040020    0.083254  (       2      13      22      35      49)
          53    0.040029    0.083205  (       2      13      22      33      49)
          54    0.040047    0.078837  (       4      13      22      33      45)
          55    0.040052    0.095808  (       4      13      22      32      46)
          56    0.040064    0.096187  (       2      13      22      39      46)
          57    0.040068    0.095831  (       4      13      22      33      46)
          58    0.040071    0.078859  (       2      13      22      33      50)
          59    0.040079    0.095874  (       4      13      22      35      46)
          60    0.040084    0.080431  (       2      13      22      24      43)
          61    0.040085    0.087547  (       4      13      22      34      43)
          62    0.040087    0.079270  (       4      13      22      36      45)
          63    0.040087    0.078537  (       2      13      22      37      45)
          64    0.040089    0.077554  (       2      13      22      23      45)
          65    0.040098    0.078390  (       4      13      22      23      45)
          66    0.040114    0.078463  (       2      13      22      36      50)
          67    0.040127    0.095486  (       2      13      22      24      46)
          68    0.040127    0.078816  (       4      13      22      35      45)
          69    0.040138    0.095038  (       2      13      22      40      46)
          70    0.040139    0.081647  (       2      13      22      30      49)
          71    0.040148    0.083003  (       2      13      22      37      49)
          72    0.040151    0.095647  (       4      13      22      37      46)
          73    0.040154    0.078921  (       2      13      22      35      50)
          74    0.040178    0.081716  (       2      13      22      39      43)
          75    0.040191    0.082105  (       2      13      22      23      49)
          76    0.040196    0.083139  (       4      13      22      34      50)
          77    0.040201    0.077637  (       2      13      22      24      45)
          78    0.040210    0.078326  (       4      13      22      24      45)
          79    0.040239    0.077578  (       2      13      22      23      50)
          80    0.040246    0.079123  (       4      13      22      37      45)
          81    0.040253    0.086562  (       4      13      21      22      49)
          82    0.040253    0.086562  (       4      13      22      31      49)
          83    0.040255    0.094705  (       4      13      22      23      46)
          84    0.040276    0.085178  (       4      13      22      32      43)
          85    0.040282    0.078565  (       2      13      22      37      50)
          86    0.040293    0.096103  (       2      13      22      23      41)
          87    0.040308    0.085253  (       4      13      22      36      43)
          88    0.040309    0.082209  (       2      13      22      24      49)
          89    0.040319    0.083663  (       4      13      22      30      43)
          90    0.040321    0.084774  (       4      13      22      35      43)
          91    0.040331    0.084791  (       4      13      22      33      43)
          92    0.040339    0.080747  (       4      13      22      32      50)
          93    0.040350    0.077661  (       2      13      22      24      50)
          94    0.040362    0.083098  (       2      13      22      25      43)
          95    0.040374    0.094798  (       4      13      22      24      46)
          96    0.040374    0.080350  (       4      13      22      33      50)
          97    0.040374    0.084416  (       4      13      22      23      43)
          98    0.040376    0.079773  (       2      13      22      40      43)
          99    0.040388    0.096063  (       2      13      22      24      41)
         100    0.040388    0.079924  (       4      13      22      23      50)
