        Rank     LS_RMSE    LS_MaxAE  Feature_ID
           1    0.121376    0.471205  (       1)
           2    0.121686    0.478623  (       2)
           3    0.122968    0.476438  (       3)
           4    0.123757    0.484451  (       4)
           5    0.123819    0.465173  (       5)
           6    0.124108    0.406674  (       6)
           7    0.124215    0.495169  (       7)
           8    0.124336    0.383071  (       8)
           9    0.124400    0.387504  (       9)
          10    0.124589    0.421183  (      10)
