    0.21622E+00
    0.16682E+00
    0.22082E+00
    0.22922E+00
    0.19372E+00
    0.28297E+00
   -0.71335E+00
    0.22500E-02
    0.24915E+00
    0.16685E+00
    0.27875E+00
    0.24160E-01
    0.31490E-01
   -0.14951E+00
    0.76590E-01
    0.28730E-01
   -0.11150E-01
   -0.47720E+00
   -0.71400E-01
   -0.13960E+00
   -0.63500E-01
   -0.12720E-01
    0.96480E-01
    0.22880E-01
    0.11398E+00
    0.12619E+00
    0.19790E-01
    0.15169E+00
    0.67220E-01
   -0.18180E-01
    0.12402E+00
    0.27620E-01
   -0.81100E-02
   -0.19450E+00
   -0.84000E-01
   -0.31775E+00
   -0.13688E+00
   -0.97980E-01
   -0.42380E+00
   -0.15440E+00
   -0.89800E-02
    0.24962E+00
   -0.84240E-01
