    0.22580E+00
    0.17640E+00
    0.23040E+00
    0.23880E+00
    0.20330E+00
    0.27492E+00
   -0.71380E+00
    0.18000E-02
    0.24870E+00
    0.16640E+00
    0.27830E+00
   -0.96800E-02
    0.28070E-01
   -0.15293E+00
    0.73170E-01
    0.10457E+00
    0.79100E-02
   -0.46811E+00
   -0.62310E-01
   -0.13545E+00
   -0.59350E-01
   -0.18230E-01
    0.98820E-01
    0.25220E-01
    0.11632E+00
    0.13274E+00
    0.26340E-01
    0.15824E+00
    0.56200E-01
   -0.29200E-01
    0.11300E+00
    0.16600E-01
   -0.32610E-01
   -0.19035E+00
   -0.79850E-01
   -0.31812E+00
   -0.14790E+00
   -0.10900E+00
   -0.41471E+00
   -0.14531E+00
   -0.38500E-01
    0.23860E+00
   -0.11522E+00
