    0.51730E-02
   -0.11740E-01
   -0.22863E-01
    0.79890E-01
    0.39388E-01
    0.85830E-02
   -0.83000E-02
    0.12935E+00
    0.47430E-01
   -0.80700E-02
    0.43100E-01
   -0.94000E-03
    0.38510E-01
   -0.97530E-01
    0.46150E-01
   -0.17530E-01
    0.49570E-01
   -0.90990E-01
    0.20000E-04
    0.10810E-01
   -0.33010E-01
    0.36360E-01
    0.52800E-02
    0.24560E-01
    0.27030E-01
   -0.28320E-01
    0.13180E-01
   -0.33720E-01
   -0.82560E-01
   -0.42800E-02
   -0.47850E-01
    0.53830E-01
    0.20420E-01
    0.28220E-01
   -0.12126E+00
   -0.79970E-01
    0.56850E-01
   -0.10400E-02
   -0.24050E-01
    0.20380E-01
    0.54340E-01
   -0.67274E-01
   -0.57070E-01
