    0.12417E+00
    0.13274E+00
    0.63260E-01
    0.12180E+00
    0.66920E-01
   -0.14276E+00
   -0.45626E+00
    0.41040E-01
    0.13699E+00
    0.10968E+00
    0.10611E+00
   -0.30420E-01
   -0.71810E-01
   -0.17466E+00
   -0.85280E-01
    0.73700E-01
   -0.16621E+00
   -0.12006E+00
    0.82010E-01
    0.16754E+00
   -0.13251E+00
    0.79680E-01
    0.65170E-01
    0.49330E-01
    0.56450E-01
    0.11790E-01
    0.25860E-01
    0.13480E-01
   -0.13900E-02
    0.14050E-01
   -0.50050E-01
   -0.39190E-01
    0.11264E+00
    0.80950E-01
   -0.57670E-01
   -0.20405E+00
    0.18754E+00
    0.40350E-01
   -0.66660E-01
   -0.11450E-01
    0.75920E-01
   -0.75424E-01
   -0.15329E+00
