    0.42630E-01
    0.25580E-01
    0.12163E-01
    0.85420E-01
    0.50610E-01
   -0.15030E-01
   -0.87890E-01
    0.83110E-01
    0.48750E-01
   -0.50300E-02
    0.46770E-01
   -0.95800E-02
    0.25430E-01
   -0.11929E+00
    0.34610E-01
   -0.34440E-01
    0.50200E-02
   -0.71620E-01
   -0.10330E-01
    0.10350E-01
   -0.48960E-01
    0.13340E-01
   -0.26520E-01
    0.89000E-03
    0.94510E-01
    0.24540E-01
    0.84330E-01
   -0.54150E-01
   -0.10966E+00
   -0.25420E-01
   -0.66580E-01
    0.54640E-01
    0.21220E-01
    0.16870E-01
   -0.13996E+00
   -0.92350E-01
    0.49410E-01
   -0.14470E-01
    0.10896E+00
    0.86000E-01
    0.55530E-01
   -0.79860E-01
   -0.69580E-01
