    0.53240E-01
    0.15640E-01
    0.42120E-01
    0.47230E-01
    0.45990E-01
   -0.87848E-01
   -0.53200E-01
    0.25930E+00
    0.80250E-01
    0.15060E-01
    0.92200E-01
   -0.91780E-01
   -0.57470E-01
   -0.20128E+00
   -0.15330E-01
   -0.10130E-01
    0.90460E-01
   -0.15754E+00
   -0.78500E-02
    0.52820E-01
   -0.66400E-01
    0.64030E-01
    0.19990E-01
    0.80600E-01
    0.42300E-02
   -0.84400E-01
    0.26510E-01
   -0.61900E-02
   -0.46860E-01
    0.42280E-01
   -0.15050E-01
   -0.71970E-01
    0.15380E-01
    0.98000E-02
   -0.27030E-01
   -0.16046E+00
    0.15749E+00
    0.56470E-01
   -0.10670E-01
    0.65260E-01
   -0.24700E-02
   -0.77200E-02
   -0.15469E+00
