    0.39980E-02
   -0.12680E-01
   -0.21124E-01
    0.77600E-01
    0.37483E-01
    0.13863E-01
    0.17800E-01
   -0.14820E-01
    0.50040E-01
   -0.53100E-02
    0.48520E-01
   -0.30700E-02
    0.41970E-01
   -0.94580E-01
    0.50230E-01
   -0.18040E-01
    0.65210E-01
   -0.21300E-01
    0.36980E-01
    0.81700E-02
   -0.26960E-01
    0.40860E-01
    0.88300E-02
    0.29520E-01
    0.19440E-01
   -0.35670E-01
    0.59700E-02
   -0.29820E-01
   -0.79830E-01
    0.20000E-04
   -0.42420E-01
    0.35490E-01
    0.18640E-01
    0.18870E-01
   -0.98660E-01
   -0.81840E-01
    0.53870E-01
   -0.53600E-02
   -0.29130E-01
    0.48300E-02
    0.51740E-01
   -0.62723E-01
   -0.56580E-01
